108.51 65.102 87.106 26.171 139.69 27.851 92.291 78.875 135.35 84.37
222.18 93.186 207.44 62.606 261.12 70.499 206.22 128.59 248.89 133.89
114.16 73.999 85.721 44.009 135.06 46.503 93.548 100.8 123.97 99.06
159.87 110.12 121.76 81.003 170.94 70.652 135.3 132.6 171.76 124.61
161.26 141.46 124.52 114.3 182.09 104.53 138.22 172.42 182.19 163.75
147.82 161.31 129.04 115.89 181.95 132.3 116.25 166.16 160.68 178.96
139.16 96.877 118.22 77.971 167.28 72.784 119.34 128.02 176.58 123.52
134.63 124.6 109.01 93.05 158.85 92.322 114.34 149.3 154.85 148.45
393.49 196.42 394.58 159.07 422.12 184.67 360.77 193.6 381.95 214.9
158.32 72.24 161.52 58.535 200.41 75.645 134.97 103.69 159.44 116.82
149.57 113.08 133.02 81.333 184.97 77.318 142.92 146.72 177.57 144.14
173.45 188.99 148.26 145.91 201.77 147.93 149.88 202.01 189.99 203.17
170.49 249.55 138.3 215.15 199.18 210.89 145.38 275.98 197.62 271.93
89.595 108.16 72.489 57.491 131.2 66.987 71.667 125.38 122.49 131.27
200.01 113.99 164.16 88.155 219.44 96.214 162.53 142.4 212.11 150.58
92.047 104.97 71.982 81.298 124.04 82.326 72.014 140.09 111.92 142.09
210.54 165.34 183.9 148.9 233.82 154.52 189.64 200.37 222.85 205.49
126.44 157.54 101.31 119.56 155.02 117.16 110.27 175.93 152 175.27
170.23 110.82 143.33 84.129 197.3 86.089 145.56 137.51 189.35 139.96
207.28 114.87 182.93 78.836 234.15 76.051 191.96 128.74 233.56 127.25
205.12 65.784 180.51 20.073 241.25 20.032 184.64 86.723 236.65 85.621
113 134.09 85.181 94.954 141.1 97.809 94.417 157.43 130.34 161.25
232.05 159.75 204.94 115.25 260.74 120.7 201.8 166.24 254.38 169.27
194.74 146.9 168.77 109.13 225.66 106.51 180.5 172.4 219.64 171.96
239.81 110.62 210.51 69.021 267.48 69.501 208.82 118.3 266.82 118.71
82.53 117.86 59.744 78.651 109.36 76.199 73.56 133.91 109.29 132.73
104.2 176.72 77.069 137.8 131.66 136.6 79.032 198.34 132.27 197.45
175.38 186.62 147.79 151.79 199.85 150.84 153.51 205.83 192.02 204.61
89.68 121.37 54.364 87.397 109.61 68.837 79.912 152.83 122.81 139.43
203.22 200.87 175.63 170.32 231.98 167.6 186.96 228.94 230.05 228.38
152.95 165.51 126.99 138.74 181.08 143.43 128.53 194.1 168.16 197.76
142.2 127.34 116.95 103.66 176.27 94.655 126.72 168.63 170.8 161.85
343.06 186.46 301.24 160.92 365.25 154.24 311.86 217.7 358.2 211.67
204.49 122.02 185.88 84.755 239.86 86.626 187.4 144.19 233.45 146.43
115.85 131.99 103.72 113.95 155.46 114.63 105.52 177.23 142.88 176.92
78.652 71.483 56.505 35.126 111.53 36.129 63.146 97.495 104.11 98.416
176.19 155.03 150.52 122.06 202 117.27 160.36 174.74 197.15 171.27
154.09 147.53 137 105.04 197.84 114.96 122.78 159.53 187.78 171.09
450.9 146.36 423.85 99.77 489.44 112.37 408.45 160.51 470.06 172.38
110.78 79.46 96.391 55.889 136.54 52.264 100.62 91.068 143.53 86.377
189.82 124.55 164.26 90.433 218.02 91.796 163.41 142.69 213.44 144.35
163.87 103.8 148.98 74.773 196.15 67.555 159.06 134.16 199.04 127.23
97.359 118.21 68.26 92.733 124.63 86.641 76.942 149.43 122 144.44
166.73 198.58 148.49 161.46 198.38 152.98 159.8 214.98 206.08 206.81
203.2 176.61 169.84 134.9 226.61 132.65 164.99 190.88 226.37 190.45
302.66 161.65 278.24 127.55 335.13 127.72 283.25 188.1 331.88 186.49
153.42 128.29 123.21 96.02 172.95 90.72 131.36 153.47 172.83 146.82
159.12 115.11 131.97 80.47 188.9 89.686 125.63 140.61 176.62 147.06
138.71 107.77 114.4 77.681 161.46 75.926 118.64 128.86 159.05 127.6
144.48 155.89 116.68 120.26 169.81 109.42 129.2 176.14 173.62 169.76
113.69 148.85 95.567 114.21 150.05 116.81 102.39 173.49 142.86 175.44
152.74 143.72 139.54 98.632 193.35 116.41 126.1 164.03 167.52 177.47
173.96 133.98 141.93 109.19 196.82 105.89 145.56 160.03 196.85 158.46
84.569 135.14 56.594 96.457 112.83 94.08 64.807 164.53 104.05 164.4
86.885 141.27 61.448 105.91 116.89 109.01 62.675 170.79 108.89 172.35
92.43 145.57 70.209 102.46 125.59 122.73 53.186 168.16 100.7 183.47
264.18 126.84 236.69 88.697 287.44 89.429 241 143.06 283.81 142.3
81.938 106.84 54.98 75.311 111.87 83.928 48.312 138.21 101.27 145.84
271.84 148.17 243.4 113.38 305.9 114.18 240.19 177.84 296.58 181.16
198.25 131.45 161.76 102.56 209.65 108.38 167.35 161.61 206.54 164.2
376.33 274.59 322.11 255.14 382.8 244.87 334.71 323.22 392.01 316.51
166.04 145.63 139.86 113.66 196.14 112.61 146.51 170.56 197.28 171.42
71.723 196.58 48.402 151.94 113.64 161.32 47.684 237.07 97.166 247.49
130.36 146.53 98.807 101.73 157.13 102.73 105.03 169.3 149.92 167.68
116.61 163.74 91.493 125.24 148.48 125.41 100.8 182.48 144.74 183.63
80.495 184.64 56.193 152.36 114.16 144.05 70.247 217.25 118.83 208.47
254.73 72.809 239.52 60.474 282.73 33.466 267.02 112.36 299.35 90.843
118.04 160.54 87.907 124.54 140.38 124.45 92.949 185.38 130.78 186.5
124.55 146.79 100.49 111.46 154.63 112.78 98.942 167.68 147.68 171.45
158.48 176.55 120.96 136.25 177.36 127.02 130.51 195.61 182.33 187.51
107.81 133.52 67.042 105.2 122.99 83.031 93.221 169.21 143.01 152.07
78.676 82.367 48.322 48.711 103.19 47.652 51.133 105.48 93.112 104.86
81.594 108.09 51.068 77.52 109.17 77.206 54.35 140.69 105 140.74
209.32 161.81 163.01 124.59 221.99 123.23 170.16 200.61 218.37 197.35
93.774 137.27 63.439 105.47 121.1 104.75 72.165 167.01 115.96 167.09
237.27 168.71 201.71 131.04 258.49 127.38 199.68 184.85 253.69 181.08
127.17 163.97 101.93 120.1 161.3 129.34 95.158 181.34 154.07 188.64
130.52 146.76 125.11 103.87 167.35 132.18 104.43 154.7 137.39 177.21
106.48 163.74 76.218 125.96 135.42 127.02 79.981 192.6 129.93 193.13
342.45 153.74 309.05 121.4 366.3 120.93 316.39 192.31 364.96 191.2
205.51 156.31 173.74 114.71 225.03 122.13 173.41 182.35 213.78 187.2
233.24 171.69 214.62 153.76 271.66 142.26 224.89 212.09 277.19 204.36
135.63 57.303 103.49 25.279 154.4 24.978 109.57 85.527 150.52 85.296
248.44 164.99 222.35 118.59 276.63 131.39 212.73 183.61 255.82 195.14
83.837 133.88 53.31 105.96 106.61 101.19 60.806 161.81 109.97 155.74
137.54 115.97 108.47 95.217 159.45 82.161 131.9 147.26 172.28 137.27
86.856 122.16 62.419 92.075 116.1 85.749 71.877 149 115.8 143.72
169.32 129.76 139.21 118.69 191.41 110.56 151.95 176.24 197.93 169.25
156.15 154.69 129.92 120.3 184.41 120.28 129.57 180.34 183.88 181.74
122.65 86.734 91.083 60.799 146.29 51.095 109.3 118.67 150.8 109.74
175.23 133.66 154.42 101.28 206.82 88.927 167.88 156.3 209.77 149.54
114.97 129.84 86.593 91.1 144.06 94.733 83.668 147.39 137.31 152.18
170.34 90.068 146 61.937 197.92 55.196 160.34 119.9 196.75 116.68
148 128.59 119.37 93.154 173.09 94.763 122.96 151.46 166.6 152.64
62.168 121.72 37.538 94.557 91.657 93.332 41.645 149.97 90.707 148.61
207.15 85.571 178.59 56.988 237.76 55.429 184.91 115.43 229.03 115.53
92.197 116.04 65.404 88.019 119.36 87.787 70.231 145.46 112.32 145.73
128.67 111.42 104.29 91.64 160.77 95.891 103.14 149.28 149.64 153.29
202.44 177.1 170.49 137.59 233.05 135.18 175.29 206.42 229.77 204.57
124.02 78.369 105.3 43.36 161.05 55.592 91.939 98.713 146.8 108.57
176.71 89.55 149.81 53.622 209.47 46.704 172 122.88 212.32 116.66
200.94 65.574 167.2 36.125 220.74 31.494 179.02 92.32 221.01 89.06
162.54 152.03 131.61 119.07 189.93 115.49 141.45 184.51 186.13 180.63
170.82 114.2 141.68 79.496 196.63 77.432 148.87 140.07 194.19 138.33
275.09 135.75 242.62 113.9 295.37 108.82 247.57 167.41 302.76 163.19
167.14 138.16 132.08 114.7 186.07 108.23 142.69 174.5 186.01 169.41
201.49 163.38 177.06 126.06 234.07 126.82 179.66 190.22 222.81 191.35
82.661 109.82 52.191 78.798 109.89 79.286 57.354 129.74 106.06 128.9
166.05 181.42 137.03 136.14 191.63 141.87 126.19 187.3 184.48 194
218.83 199.55 181.53 168.04 243.53 170.56 190.18 233.15 238.35 235.6
144.92 88.7 125.83 58.108 180.9 57.298 128.33 117.82 181.65 114.62
507.56 162.52 469.84 142.9 528.03 133.49 484.53 205.15 537.75 196.46
112.59 162.63 84.734 120.79 141.79 121.04 92.317 178.12 133.51 178.12
175.48 145.88 146.85 111.86 202.14 111.77 150.28 166.7 200.75 166.36
141.37 109.31 113.27 80.279 163.45 74.766 123.96 135.76 162.63 132.22
228.26 133.52 201.91 94.984 252.5 95.739 206.71 157.45 245.12 158.68
99.72 146.93 70.84 107.84 120.47 128.33 58.041 162.27 102.36 179.34
100.93 149.82 74.152 124.81 129.33 123.72 79.632 181.77 126.45 182.39
143.22 69.099 114.61 35.334 170.23 34.619 119.58 90.46 164.83 90.438
143.39 170.38 102.82 144.28 160.59 122.35 135.19 200.46 175.29 183.21
222.24 100.12 207.67 64.959 257.63 72.551 202.29 120.39 242.59 127.8
135.15 127.05 112.62 96.578 168.81 94.532 122.02 156.51 162.04 155.47
150.9 198.79 116.74 161.13 166.53 160.6 124 217.38 158.59 216.77
155.51 108.8 119.41 83.791 181.94 73.334 129.97 146.48 193.98 132.36
152.74 141.14 124.99 100.75 179.38 103.53 126.02 158.74 168.85 161.28
276.98 141.87 245.41 103.47 299.55 103.71 246.09 164.32 285.38 164.11
154.67 183.98 132.95 143.91 186.86 145.91 137.87 206.01 176.53 206.9
244.34 124.38 234.49 95.233 288.43 102.77 224.82 151.24 264.34 159.13
80.826 108.73 52.043 86.147 108.68 85.546 58.63 142.73 105.45 141.5
421.58 145.24 385.98 115.88 444.36 107.54 399.68 185.32 449.64 179.83
263.17 60.726 257.42 36.277 315.43 45.6 243.89 99.553 285.13 106.35
177.73 133.33 175.9 90.937 227.71 107.65 163.7 149.61 214.08 164.33
126.89 188.6 103.48 172.16 150.28 134.92 142.92 231.32 182.68 200.75
154.88 153.7 145.17 117.99 196.07 129.14 136.22 181.99 178.76 189.12
404.17 265.34 360.56 238.92 418.07 224.38 376.55 297.98 433.02 284.34
132.73 131.57 99.783 104.28 148.64 102.72 110.79 158.55 149.22 156.78
192.7 144.07 166.52 108.12 223.8 107.43 174.88 172.28 216.19 171.99
189.66 161.15 169.41 136.42 214.44 136.24 175.29 182.81 211.19 184.1
129.03 171.48 97.765 129.72 154.63 124.9 106.61 191.01 154.43 186.73
117.15 55.048 88.98 26.406 141.25 24.99 91.992 80.99 137.58 81.499
223.46 143.68 182.58 118.49 236.71 117.67 193.82 186.23 235.76 185.97
233.41 145.67 200.52 121.37 257.97 123.19 207.1 183.86 254.23 183.14
70.961 105.48 48.013 75.736 97.382 73.434 54.169 127.76 96.961 125.74
218.26 139.51 186.83 101.98 237.26 108.87 169.52 153.41 230.12 161.24
166.59 134.31 139.17 103.66 194.55 97.477 143.64 162.42 203.22 156.45
233.73 160.3 197.8 117.12 256.08 127 192.64 187.36 239.2 196.07
189.3 180.42 159.8 150.08 215.09 149.32 168.6 213.6 211.51 213.12
94.378 104.95 67.506 68.429 119.54 70.295 62.199 113.1 111.19 116.29
97.847 144.47 81.734 109.47 134.43 116.95 75.56 168.29 123.82 175.2
149.17 106.19 152.29 76.16 208.68 93.394 124.53 138.14 170.24 155.69
96.729 134.19 71.948 96.193 126.99 97.075 74.441 149.97 129.79 148.4
315.12 157.31 313.11 113.66 351.96 152.98 277.97 155.54 308.65 187.81
150.17 106.38 125.59 74.316 181.23 71.145 133.54 128.03 181.44 125.36
139.44 171.74 112.22 134.46 165.59 139.07 112.01 195.09 150.81 200.56
145.7 160.57 128.71 119.29 184.15 116.11 141.6 190.94 184.37 187.05
149.92 157.44 111.6 136.64 165.65 111.82 139.13 186.95 187.76 165.04
150.93 104.5 122.25 65.393 177.74 63.907 131.61 120.44 176.89 119.9
232.21 170.19 208.94 142.42 261.73 130.05 232.98 199.93 271.15 190.15
149.37 182.26 126.91 158.14 180.24 147.24 142.04 215.83 188.48 209.33
188.53 150.4 162.13 138.45 200.38 122.53 179.47 174.3 212.64 161.81
111.1 194.01 87.209 156.36 142.81 155.87 84.277 213.14 145.59 210.31
252.61 158.71 231.06 119.95 287.72 117.35 244.06 188.03 287.51 184.18
85.623 107.25 69.151 80.052 118.95 82.021 72.17 137.18 110.18 138.69
283.86 173.24 257.76 138.48 316.1 137.69 263.93 196.22 315.46 197.86
142.62 169.99 115.75 137.55 173.12 136.11 122.41 191.67 168.09 190.86
390.36 139.84 358.62 102.07 409.27 104.7 356.92 165.28 395.91 168.53
168.79 135.7 142.95 100.36 197.75 97.854 152.99 159.06 202.49 159.1
84.128 151.54 56.932 129.77 110.56 122.43 64.775 186.06 111.88 180.69
196.72 168.11 154.57 124.83 214.49 121.96 169.75 197.08 206.31 195.65
93.195 129.54 67.175 92.872 119.46 94.295 73.764 156.16 112.22 156.32
276.95 125.77 248.54 102.71 302.34 106.21 248.88 158.48 296.76 158.36
190.5 116.74 158.28 76.657 212.94 70.5 168.1 125.84 210.29 122.18
141.68 175.45 127.33 133.26 186.04 137.81 131.63 199.46 181.54 204.01
162.97 136.59 130.11 103.44 188.75 96.715 143.1 168.81 189.54 163.28
90.176 151.49 57.288 110.1 113.09 113.85 56.49 179.36 96.817 179.81
287.42 139.94 257.54 103.01 316.79 107.64 254.69 162.31 312.09 167.76
211.92 140.94 168.64 103.54 224.36 102.74 168.09 162.68 224.79 160.75
153.62 212.24 124.21 173.18 176.67 165.47 130.8 225.81 181.76 218.02
215.56 184.75 178.67 156.25 228.45 153.17 185.62 217.58 231.66 214.53
460.47 152.14 439.93 116.81 497.4 130.13 434.12 183.6 478.24 194.38
115.54 178.6 90.289 144.14 148.93 136.17 101.31 203.23 159 196.75
202.89 120.58 172.93 85.812 229.25 89.59 169.06 137.46 223.76 140.85
426.62 122.78 410.73 106.14 461.98 95.289 417.01 163.35 460.04 157.99
121.35 142.15 88.595 124.39 140.44 121.23 96.528 178.08 141.76 175.25
201.96 161.17 175.64 130.36 225.76 124.66 187.74 187.97 227.94 183.39
58.547 99.901 37.971 72.084 93.021 74.855 39.482 143.53 84.572 144.44
189.86 138.54 159.36 108.77 218.14 103.02 170.12 168.46 217.11 163.31
288.15 143.7 268.99 109.26 325.84 106.6 272.72 161.07 329.63 159.24
190.28 172.28 161.78 133.76 225.29 131.61 163.25 201.61 222.9 203.58
150.41 186.31 125.15 157.19 183.52 155.43 130.32 222.85 178.71 221.19
128.33 126.86 95.524 114.44 138.92 103.9 110.53 162.08 145.73 151.39
124.95 48.981 94.754 30.103 150.03 24.101 106.25 87.775 152.71 85.703
166.45 130.4 137.45 96.354 190.88 97.744 145.11 156.12 185 156.57
146.73 168.95 127.8 143.76 177.57 136.6 138.92 198.53 182.42 192.75
193.84 161.88 164.2 115.87 223.81 115.8 162.48 179.27 208.22 180.77
159.5 138.82 140.94 111.19 193.29 108.47 145.97 168.63 190.64 168.04
147.05 163.73 116.19 122.33 171.16 123.6 120.16 187.61 164.78 188.46
248.8 125.43 217.01 94.31 271.8 89.574 222.42 149.78 277.22 145.05
58.266 141.05 40.307 103.16 92.265 107.49 38.779 155.88 87.96 159.45
118.71 102.02 88.837 77.892 141.04 79.536 91.813 131.56 136.83 131.88
230.94 204.97 197.24 178.1 252.19 178.08 200.86 234.99 246.27 235.25
115.44 105.24 91.323 81.056 129.28 83.453 88.251 131.09 123.67 132.06
262.84 148.02 235.05 110.28 285.7 112.47 233.54 168.82 276.75 169.42
154.18 106.68 129.79 74.776 180.74 73.147 135.19 123.73 176.05 122.58
242.81 89.704 211.78 60.955 268.62 42.616 237.64 121.97 280.39 108.11
206.99 179.84 177.44 147.38 234.28 147.96 184.68 206.83 228.22 206.55
370.36 143.32 331.08 118.67 387.06 109.52 339.51 174.46 394.74 165.86
803.63 231.04 764.58 199.56 819.98 197.67 778.67 261.02 818.53 258.89
145.22 139.71 112.95 96.739 167.36 103.59 112.01 160.72 151.64 164.83
225.96 156.75 209.24 111.33 267.09 119.14 203.9 186.12 252.54 191.03
134.86 111.99 132.36 72.692 184.06 77.697 125.05 135.9 165.02 141.43
139.44 225.49 113.83 181.97 174.15 180.78 122.48 245.64 173.7 245.13
120.86 175.49 99.76 140.46 161.58 137.82 106.54 213.1 160.48 210.84
109.31 132.58 92.814 84.755 149.01 80.187 105.53 155.22 153.11 152.31
186.06 140.69 147.12 107.42 198.83 108.57 148.71 176.4 193.81 175.41
46.995 145.88 20.371 100.88 77.428 103.91 15.328 163.25 71.865 166.71
305.25 143.95 266.5 105.84 322.33 102.1 274.12 184.3 320.54 176.97
182.21 190.84 156.96 148.38 211.28 154.64 151.96 205.58 202.07 209.66
321.96 161.72 295.11 130.65 351.2 135.32 296.49 192.63 342.02 195.31
199.42 160.85 174.9 125.79 227.72 126.28 177.13 182.57 224.78 183.87
107.71 125.23 80.621 87.425 131.11 90.571 74.816 141.65 123.98 145.71
122.54 148.22 92.487 109.23 147.13 104.51 100.49 171.21 145.27 166.81
151.81 89.12 121.11 59.802 178.33 51.375 134.61 121.7 177.67 116.29
240.05 212.91 219.23 161.06 276.91 164.56 233.44 233.72 277.29 234.28
159.91 116.97 142.84 77.901 200.52 77.545 151.49 150.24 197.44 147.59
120.72 137.49 105.2 95.017 159.98 109.97 93.529 145.84 138.8 158.23
172.57 174.33 141.3 152.62 196.15 154.4 143.02 206.86 184.95 210.65
302.72 173.26 268.58 140.59 322.41 128.39 281.78 201.9 329.11 190.29
74.57 86.536 57.037 74.54 101.92 72.992 62.63 124.86 95.18 124.84
173.19 89.525 164.05 44.53 216.45 65.823 150.81 110.11 189.6 126.05
165.95 123.9 136.16 82.233 190.49 82.117 137.95 147.89 185.48 147.22
216.54 67.121 182.21 36.723 236.84 47.794 180.08 90.789 224.63 100.27
164.2 151.7 132.47 118.28 187.58 109.11 143.67 172.8 192.79 165.88
250.31 166.45 217.88 138.8 272.99 143.51 221.73 198.31 270.53 204.03
130.44 68.753 85.748 53.026 133.07 33.342 102.09 102.83 145.83 83.977
102.57 166.85 74.271 136.6 130.85 128.37 85.964 190.34 137.06 184.26
129.65 120.01 115.46 84.284 179.78 89.29 110.89 157.49 163.99 162.15
227.75 177.81 196.39 149.95 249.41 139.14 213.13 205.76 252.69 197.77
170.21 153.57 132.08 119.15 191 123.9 130.93 175.2 188.28 179.3
96.154 136.28 68.46 99.885 117.18 93.731 76.777 150.84 118.63 145.26
219.43 91.858 167.03 53.943 219.27 62.154 180.36 132.9 214.85 136.45
101.19 150.53 77.926 108.78 132.97 117.01 75.469 174.55 120.23 181.29
196.85 207.47 150.15 170.14 209.3 168.7 161.52 237.15 206.75 234.73
127.55 243.5 106.68 229.68 130.58 229.5 107.14 258.8 129.26 258.52
139.47 137.9 113.33 105.18 166.5 102.14 121.64 163.67 164.48 161.38
211.08 123.77 182.56 81.368 240.58 82.284 179.25 136.56 235.74 138.69
72.812 144.12 59.596 120.22 114.69 123.4 53.546 181.73 96.339 183.1
250.9 152.22 217.92 133.69 270.32 104.77 253.86 192.2 294.56 170.25
272.43 201 239.67 167.01 294.73 166.96 244.94 230.58 291.02 230.12
176.21 122.55 138.28 90.46 191.23 84.607 150.14 149.45 192.78 144.42
115.71 148.92 89.932 112.95 140.62 111.73 97.878 172.87 134.17 172.59
58.275 138.23 40.782 97.195 95.474 102.38 38.617 149.4 97.792 153.96
130.73 410.99 112.08 374.6 165.65 371.51 118.77 442.47 156.12 439.12
81.214 77.738 59.302 47.171 112.15 48.394 60.065 102.98 104.91 102.84
309.14 177.25 277.22 138.4 330.19 142.65 274.89 208.67 315.16 211.8
190.68 179.43 156.7 154.72 213.55 147.36 169.94 218.26 217.43 210.82
193.97 216.9 161.34 183.82 217.2 170.05 174.56 237.85 231.15 223.97
338.67 160 306.5 122.77 364.85 117.25 315.2 187.44 366.41 185.46
50.687 124.72 34.748 93.441 88.895 86.246 45.231 161.3 85.543 153.84
144.11 161.98 127.54 126.17 181.21 112.2 146.83 193.69 188.71 184.23
128.12 164.99 95.488 136.47 153.45 129.65 109.46 198.21 157.54 195.74
164.22 107.28 132.97 69.856 184.94 68.761 135.64 125.37 188.05 122.5
362.11 158.57 331.05 117.11 385.89 118.59 328.31 169.1 381.26 170.54
140.59 56.959 101.36 49.963 146 21.228 133.19 89.917 168.25 67.469
127.2 159.03 103.75 112.82 158.64 120.6 100.26 175.65 145.43 181.28
92.372 86.01 72.729 38.912 129.58 44.809 73.167 98.286 124.2 103.36
183.14 127.1 154.36 93.627 208.68 92.717 159.09 146.57 205.59 145.97
101.85 102.06 70.922 76.258 126.05 76.329 78.94 137.68 123.87 137.56
126.95 158.4 99.6 128.64 149.52 129.57 102 181.8 144.81 182.48
387.13 143.85 358.9 113.56 413.21 111.01 367.23 169.26 412.75 166.82
213.71 160.96 198.02 118.47 248.07 134.54 187.52 169.14 230.15 183.69
150.61 165.52 118.77 130.15 176.34 118.35 131.44 182.7 185.85 173.34
202.53 118.78 163.23 105.71 220.02 95.068 184.26 160.03 227.95 151.9
161.56 74.983 130.61 42.949 188.49 38.65 146.08 110.29 185.43 107.52
76.964 86.057 45.168 52.218 101.59 50.464 54.466 112.7 102.58 107.98
289.87 165.77 240.89 138.32 293.55 118.78 264.35 202.28 311.63 184.43
149.73 137.24 121.58 113.34 173.45 112.17 126.14 167.46 172.02 166.52
215.65 179.54 186.02 152.47 236.86 155.25 187.64 208.56 233.69 209.57
224.46 110.69 178.84 96.498 232.19 58.219 219.94 149.17 265.4 116.2
153.99 120.57 135.29 89.542 189.75 88.087 132.57 151.16 185.55 152.05
219.61 155.87 187.84 133.15 236.41 125.05 195.26 180.63 240.05 173.98
109.47 140.97 77.816 95.606 138.17 95.787 85.955 164.58 135.08 165.38
94.313 119.56 68.127 80.259 122.9 79.916 72.73 134.06 116.73 135.26
182.19 87.489 154.61 57.998 203.73 57.842 165.26 111.74 201.49 109.58
245.83 164.62 204.59 149.13 253.48 125.39 227.19 200.81 271.81 179.22
174.31 217.6 143.68 188.73 200.52 183.95 157.1 256.89 191.9 254.13
149.81 134.29 123.77 99.751 177.08 103.97 122.4 154.14 167.8 159.4
184.41 167.88 152.68 138.8 214.17 139.95 158.94 203.77 208.32 203.71
153.13 91.877 129.82 60.084 185.35 68.623 119.34 124.07 174.74 130.64
137.55 88.078 108.63 61.212 161.21 59.18 118.34 118.86 157.09 116.38
154.86 175.1 122.24 133.11 186.35 142.85 116.48 205.34 168.96 213.32
129.4 171.51 102.46 134.69 157.83 135.99 103.94 194.37 154.46 194.48
123.25 179.18 95.56 142.87 149.43 138.13 105.91 205.05 143.04 203.81
194.52 81.444 172.4 56.914 223.99 53.421 178.93 108.06 223.07 105.84
77.947 107.55 49.775 76.253 109.6 78.643 54.916 137.76 101.89 139.3
203.89 181.77 171.69 148.5 231.81 153.25 175.86 218.66 225.57 222.8
95.525 161.98 77.669 129.48 131.24 129.59 79.339 185.2 127.1 186.25
173.68 166 137.12 131.77 193.11 131.3 135.6 187.06 194.97 185.53
160.22 128.86 143.4 82.745 206.12 89.77 141.27 160.6 196.26 166.05
165.47 177.45 142.76 135.99 197.63 131.01 154.79 194.85 200.79 190.82
116.13 168.45 77.361 122.36 139.79 117.53 91.499 197.27 138.02 194.01
301.26 170.15 262.33 139.3 320.95 141.01 273.77 212.13 315.5 213.66
230.57 148.91 193.73 114.9 248.53 115.81 199.34 186.68 236.44 182.36
85.001 124.9 56.971 93.791 115.38 93.927 64.633 163.51 107.88 164.06
108.88 137.71 78.55 107.36 136.21 108.18 81.641 171.69 125.65 172.46
203.36 172.2 165.24 140.49 213.78 133.13 176.48 203.09 211.12 197.06
142.04 162.39 115.65 117.76 172.55 114.32 126.62 180.22 177.55 176.83
222.47 117.42 203.57 85.689 256.66 87.974 207.03 146.56 246.02 147.3
632.81 263.52 609.82 242.4 657.84 234.18 616.86 286.92 666.27 279.86
365.88 123.63 329.08 92.436 387.06 85.312 341.75 160.34 381.88 157.3
186.59 120.9 161.99 83.207 216.71 88.638 159.6 142.42 202.4 146.4
237.61 160.66 197.26 117.12 250.79 118.79 194.44 188.55 238.28 189.16
163.32 64.906 139.95 41.067 197.32 38.723 143 91.901 191.01 90.996
123.36 114.32 91.96 77.261 150.68 74.97 104.73 146.07 147.58 144.38
70.918 131.04 52.937 111.75 104.82 96.199 71.87 165.39 116.35 152.34
208.81 157.49 177.4 118.8 230.27 122.14 172.22 171.42 227.14 177.22
287.14 93.531 242.05 50.046 303.84 48.783 249.78 121.38 299.32 119.34
82.872 191.33 60.56 155.04 116.92 152.04 63.4 216.99 114.23 217.22
128.65 184.92 106.58 148.81 153.7 152.52 106.54 197.32 148.13 198.34
111.82 187.16 86.019 148.03 142.68 145 93.718 207.18 138.32 204.83
200.16 107.85 158.3 85.017 214.89 80.113 172.98 149.44 219.24 144.07
268.6 117.78 256.41 79.126 308.88 100.86 236.62 141.9 279.9 159.57
119.89 150.02 115.71 105.82 170.12 124.03 100.53 161.35 154.55 178.2
267.35 249.44 247.52 215.73 298.34 224.8 238.5 264.22 289.13 272.19
345.19 166.58 293.09 143.6 349.72 131.93 314.94 208.7 358.41 199.82
116.45 75.107 93.871 49.268 147.84 39.4 108.9 108.39 150.72 103.51
77.457 113.21 50.01 91.521 104.3 86.979 60.735 142.33 107.35 141.85
96.71 155.1 68.328 130.06 119.15 129.91 72.184 180.08 116.87 179.18
217.52 177.2 195.69 132.7 251.67 134.49 195.14 187.58 256.92 188.12
97.398 144.1 68.933 111.21 125.74 113.4 71.09 173.34 121.98 175.37
180.09 88.998 148.65 65.53 202.22 61.953 159.4 124.87 199.93 122.26
221.52 173.49 195.19 131.15 253.17 128.58 204.13 188.63 254.99 183.85
179.55 154.27 150.48 122.75 201.86 125.54 154.08 184.82 191.61 187.28
116.47 165.72 111.18 129.11 164.89 131.3 112.03 197.11 152.71 198.8
246.36 165.78 202.64 134.2 270.25 122.51 221.17 194.69 277.5 180.27
258.53 174.01 232.04 142.93 283.46 138.09 243.73 203.45 283.59 200.42
90.836 107.28 66.754 64.943 125.79 58.65 80.74 132.55 132.08 129.05
125.26 163.54 99.185 118.56 156.55 130.75 89.773 185.76 136.87 196.96
173.76 123.98 148.66 88.049 199.83 93.036 153.43 145.42 192.76 148.86
159.11 103.29 133.09 64.73 187.91 64.428 140.36 125.38 181.8 122.89
132.39 149.16 104.21 106.86 159.85 107.86 107.44 163.56 152.28 165.74
119.77 145.49 90.034 99.959 147.75 112.4 81.909 161.36 135.83 171.44
84.509 110.32 63.236 82.496 111.61 80.668 70.493 134.05 103.96 133.25
115.36 125.27 88.88 97.631 144.19 92.5 98.176 148.99 143.56 144.05
125.43 223.67 94.064 190.28 150.35 185.67 100.71 244.56 152.91 240.26
196.43 139.66 180.73 101.74 233.11 107.95 175.5 156.51 228.16 161.29
76.802 71.407 38.905 36.035 106.05 26.003 52.583 107.44 108.97 98.749
254.19 141.66 225.08 113.82 279.81 111.58 235.73 178.16 275.1 174.07
265.99 183.45 252.13 161.32 297.38 150.69 264.37 218.75 298.36 211.04
95.031 157.27 70.234 128.46 124.55 128.93 74.726 183.74 118.87 185.61
99.407 88.194 69.937 60.975 123.61 55.978 79.625 116.94 124.06 113.22
186.1 174.32 167.7 132.41 218.88 138.09 170.94 186.44 212.82 192.02
205.35 168.89 173.53 125.97 226.62 129.56 167.1 181.36 217.12 184.06
168.13 181.73 123.77 161.3 178.16 131.5 151.46 208.24 202.83 180.14
111.87 190.28 99.234 157.94 156.95 150.02 109.18 232.78 160.1 223.88
123.54 72.115 87.228 42.872 140.42 31.895 101.85 92.767 147.94 84.915
95.659 78.049 73.666 43.469 121.29 55.269 63.622 89.056 107.17 98.934
80.327 87.539 56.956 56.294 107.36 56.282 62.317 113.95 100.35 114.18
73.58 90.084 39.644 55.193 99.109 54.13 48.377 117.82 90.274 113.83
471.66 212.3 440.58 179.63 499.32 177.85 448.19 249.1 494.01 247.82
189.29 149.45 177 123.13 227.09 140.32 161.59 172.23 209.55 186.87
190.68 171.29 162.41 144.57 219.92 140.81 169.03 195.6 221.59 191.69
84.832 127.84 67.685 83.342 121.89 100.21 52.996 148.34 93.179 160.8
165.77 105.77 115.5 82.228 165.97 69.616 144.24 146.72 178.8 137.09
214.8 209.75 178.04 188.48 235.21 178.32 190.37 246.7 242.38 235.58
243.45 145.78 226.28 102.31 276.97 128.51 205.65 163.24 246.61 182.21
304.42 207.98 284.35 168.6 345.02 164.55 293.76 244.39 343.79 241.39
360.56 195.57 347.14 155.98 399.38 162.79 343.28 218.49 391.03 225.93
204.02 144.41 177.34 99.615 233.04 105.75 175.71 164.11 220.93 169.52
260.04 224.73 248.71 195.91 302.65 192.13 250.69 262.26 296.92 260.98
241.1 183.71 202.9 141.01 255.32 138.98 209.24 207.33 253.28 207.06
102.91 145.65 85.44 104.7 133.41 119.33 72.387 166.91 110.94 176.35
232.79 223.02 200.46 192.91 252.99 179.74 214.52 255.77 257.74 245.47
214.45 128.09 188.91 94.018 244.05 97.242 190.85 151.08 239.38 153.8
368.88 183.51 330.59 143.1 385.48 144.46 329.63 201.01 380.85 201.28
214.46 134.7 175.14 103.29 234.13 99.264 177.77 158.52 237.62 155.09
306.05 136.45 273.6 98.207 332.38 94.292 273.16 179.8 321.28 176.84
115.41 125.18 93.188 100.47 137.42 97.197 99.314 150.77 135.38 147.59
181.85 120.85 154.26 79.143 210.8 80.515 157.08 148.04 201.31 149.6
166.63 95.674 138.83 64.032 196.02 74.738 135.87 127 180.75 136.26
137.74 127.72 135.06 98.89 185.33 110.51 119.78 157.22 157.94 166.74
228.38 119.45 204.09 80.647 257.3 88.359 198.34 139.66 244.69 147.02
150.33 190.06 129.41 158.69 192.12 146.07 147.49 229.95 196.22 221.78
110.98 115.38 80.095 91.33 133.24 95.604 80.655 148.51 125.61 151.98
214.77 212.91 179.71 184.5 235.34 182.24 187.08 243.7 235.03 242.28
162.83 183.62 143.05 145.5 193.16 141.34 145.47 192.46 200.59 189.95
103.16 134.85 69.353 98.214 128.67 92.837 81.471 161.8 127 158.65
143.69 74.879 117.66 40.547 170.32 41.47 124.41 94.049 162.18 95.129
108.24 125.62 92.123 85.519 147.78 89.158 93.064 157.83 134.5 161.17
198.98 157.16 163.96 112.08 222.22 124.98 152.65 189.49 201.19 199.97
157.26 193.96 107.18 155.78 162.22 137.05 131.27 225.82 172.44 210.09
88.689 165.71 64.318 129.12 118.22 132.75 63.14 181.91 116.69 185.86
264.07 147.57 212 105.66 267.51 107.64 214.32 178.94 265.64 174.48
163.68 137.79 130.93 104.08 184.03 108.88 131.33 167.67 174.92 170.65
95.113 170.57 75.312 133.11 129.73 130.58 81.292 197.83 129.45 195.09
139.39 131.87 130.97 82.099 193.16 88.026 130.09 162.45 180.38 166.8
132.69 130.03 105.97 90.06 162.61 90.252 112.65 154.72 155.82 155.86
155.24 219.05 127.3 190.22 171.27 183.42 140.76 240.18 172.34 234.67
143.2 161.21 108.81 141.26 165.3 126.97 127.48 197.5 176.76 185.4
88.327 127.51 54.927 97.24 104.86 87.422 68.023 148.39 113.46 137.58
204.85 161.16 175.91 122.68 232.21 113.36 189.93 177.43 243.79 166.64
148.71 152.23 127.62 120.22 178.91 118.23 137.21 188.47 172.42 185.61
226.68 317.71 185.97 289.74 236.21 277.36 204.4 354.76 244.44 345.34
155.83 109.38 143.5 74.609 193.47 84.855 136.4 140.85 170.43 147.93
218.91 153.32 188.82 123.99 242.28 122.57 197.83 180.16 238.96 178.3
87.598 141.52 64.466 109.86 118.18 111.84 64.437 164.12 112.67 165.47
279 168.35 247.56 142.08 307.88 139.68 254.8 206.23 304.69 205.27
95.607 111.14 69.588 79.136 125.47 78.139 75.845 146.09 113.8 146.49
214.99 185.96 195.74 147.46 250.74 146.55 203.99 219.87 233.32 220.79
413.57 194.51 385.78 163.68 438.99 162.69 391.55 211.89 436.69 210.59
315.74 170.65 304.93 125.76 359.34 138.26 294.71 187 347.36 194.98
175.74 144.27 140.56 105.43 188.35 103.45 144.11 160.54 181.24 157.79
236.88 176.11 208.94 143.99 267.13 128.56 227.39 208.94 284.35 194.65
263.19 165.65 241.24 124.76 300.39 122.15 255.34 197.15 301.74 193.52
145.68 204.9 118.3 162.35 175.2 161.82 125.46 222.73 174.48 226.29
144.9 168.6 130.99 130.54 177.25 151.72 113.53 185.98 147.75 203.05
185.22 174.01 152.12 140.04 205.96 137.58 171.31 214.71 205.65 209.95
205.17 122.13 174.64 96.856 230.67 92.397 184.57 151.94 229.48 149.65
138.83 115.13 109.04 86.91 161.1 82.021 122.86 146.57 164.92 142.58
163.2 155.44 138.6 129.5 191.81 130.58 141.31 184.84 191.42 185.21
78.074 181.52 63.926 144.39 121.89 143.54 63.441 215.61 119.24 214.32
127.23 146.08 103.57 111.14 157.63 114.79 101.14 172.35 153.68 174.41
322.38 156.23 293.78 124.58 347.95 124.82 294.37 187.52 343.96 186.82
306.92 137.18 265.56 106.45 314.24 113.96 265.01 169.15 311.09 176.72
83.258 126.65 61.444 95.958 109.85 94.328 68.283 147.21 107.47 145.16
246.05 66.537 226.3 29.641 282.08 31.478 230.82 94.366 273.67 95.184
229.17 162.28 209.4 134.94 267.87 138.38 210.97 199.16 252.85 201.16
202.73 145.94 190.85 96.188 241.22 120.88 168.53 141.42 216.66 164.42
192.8 164.89 169.68 133.62 217.46 133.02 177.37 187.42 214.55 185.68
193.22 103.17 168.12 63.636 224.66 61.685 178.85 125.47 221.97 124.79
199.07 158.8 168.08 126.06 225.23 127.8 170.3 180.9 227.96 187.12
170.16 102.25 146.8 70.154 200.21 68.076 154.52 128.27 196.81 127.82
261.23 85.365 228.69 68.871 280.05 54.597 246.99 119.42 286.01 109.06
242.01 137.62 215.83 107.33 270.45 108.69 224.81 172.8 257.84 174.73
290.64 145.5 269.02 113.84 321.62 115.32 272.66 169.27 313.74 172.17
227.18 143.51 183.81 109.17 239.42 102.07 197.76 174.18 241.59 167.57
166.73 151.03 133.39 104.58 185.05 109.46 133.49 176.55 167.76 178.33
119.44 66.677 87.743 33.527 142.78 33.134 95.189 95.878 135.41 91.799
78.736 89.416 51.41 52.626 109.52 53.267 59.522 113.39 102.5 112.66
246.69 81.44 226.71 48.064 282.06 47.855 231.61 105.69 276.64 106.2
129.59 140.65 100.79 108.65 150.2 109.42 111.34 168.12 143.65 167.97
130.06 79.423 105.21 44.995 163.91 48.691 106.91 108.61 154.26 112.23
104.51 141.42 74.613 110.94 131.52 111.76 79.216 170.36 127.23 169.68
118.7 145.12 82.21 106.96 136.78 105.57 83.21 162.75 136.14 162.57
137.47 174.37 101.54 148.78 160.2 131.99 127.02 209.03 171.38 196.45
57.893 115.81 34.538 70.918 89.008 70.438 34.834 133.28 84.363 128.25
60.959 81.887 34.595 43.969 89.72 35.384 47.315 96.759 98.871 86.512
155.02 113.09 149.15 76.974 205.13 77.349 149.1 148.28 200.55 148.46
100.43 85.275 71.368 54.902 128.6 58.094 77.659 117.47 113.83 119.27
199.57 143.67 178.79 115.59 234.03 112.96 185.2 174.27 231.3 168.97
270.38 116.13 264.31 83.907 315.02 96.846 254.81 142.34 289.82 153.95
114.25 187.68 88.833 158 141.22 142.64 105.69 209.32 159.36 194.23
265.41 260.16 243.72 225.22 297.89 230.44 243.33 284.25 289.78 288.13
155.3 206.79 144.47 185 198.65 168.54 155.68 249.87 203.88 239.04
261.74 117.38 250 68.267 291.3 95.218 217.58 107.22 259.44 134.53
232.04 134.5 203.31 94.543 261.32 98.866 205.27 155.19 251.93 158.68
191.02 145.23 145.56 114.37 200.9 110.43 152.49 172.09 203.59 167.25
158.4 145.66 131.66 122.26 185.86 119.31 130.19 178.07 179.45 175.06
90.417 126.42 61.964 95.408 115.59 95.053 65.951 152.52 109.89 153.06
144.45 149.01 133.53 116.22 180.66 110.09 138.53 172.26 184.09 167.87
89.645 128.4 60.58 93.05 117.86 92.539 66.146 161.55 110.99 161.98
118.12 202.87 90.668 162.02 148.77 159.08 105.19 225.9 145.84 225.1
104.09 66.301 83.165 36.202 135.41 41.514 80.038 95.553 130.48 99.199
137.38 137.73 119.75 112.46 166.03 108.05 123.93 163.35 159.09 160.99
137.32 132.02 93.682 102.23 153.53 92.011 108.66 166.13 157.44 153.53
75.875 98.024 48.835 60.552 113.89 54.782 65.063 125.98 113.97 121.16
219.2 210.42 193.1 188.7 242.87 165.3 217.2 242.07 262.84 218.78
254.95 156.1 204.21 122.88 260.3 124.24 213.02 189.62 261.64 189
143.55 158.68 110.67 117.78 168.56 122.61 108.05 179.59 161.67 184.25
292.83 228.4 271.88 202.19 327.96 194.28 282.14 264.14 321.89 258.53
190.4 145.87 169.6 119.61 222.64 137.91 155.3 177.03 202.37 190.75
121.6 140.68 96.972 109.26 150.72 99.583 112.38 167.74 159.55 160.43
413.04 188.71 382.23 151.77 440.57 149.73 389.51 212.89 435.87 212.83
122.31 203.14 96.948 167.1 150.5 160.41 114.2 225.01 153.63 221.55
62.549 115.29 37.052 83.544 86.131 76.4 48.832 138.97 87.563 133.69
136.17 105.9 125.84 70.751 182.1 84.895 115.87 136.1 162.23 148.3
179.82 192.12 141.46 156.52 193.63 149.78 142.44 209.16 194.52 201.93
137.78 165.36 107.78 130.8 164.32 133.06 105.92 190.31 159.41 193.63
119.69 94.322 93.94 60.263 146.24 59.987 100.49 120.78 138.82 120.1
192.74 185.36 167.49 148.44 222.91 158.93 165.49 209.25 210.49 215.27
151.56 116.83 137.78 88.312 187.29 90.579 139.27 148.69 177.78 151.23
128.22 155.25 91.029 118.11 146.52 114.78 96.544 173.62 146.6 170.79
102.68 64.385 64.376 36.051 114.01 40.405 71.014 97.531 109.74 101.27
143.42 161.89 112.62 125.89 167.53 122.55 117.23 182.82 170.02 179.27
124.01 220.35 93.781 185 150.18 188.03 96.075 241.02 147.3 241.65
146.37 119.25 139.88 83.104 191.72 97.147 128.77 148.05 172.69 159.95
103.99 130.75 77.724 101.6 131.54 102.31 82.787 157.95 124.51 158.6
107.43 167.94 72.173 117.76 135.05 122.36 64.494 181.81 118.83 188.04
69.406 63.186 40.743 32.3 95.941 32.223 51.34 98.229 85.959 98.824
178.16 143.68 141.07 94.414 196.85 97.258 140.25 167.4 178.22 167.58
142.47 126.35 116.36 94.218 164.05 94.575 116.94 142.95 161.89 143.35
230.59 202.35 187.65 172.58 245.81 166.35 198.13 240.47 249.33 235.51
207.3 138.57 184.66 98.343 240.95 101.46 189.36 160.28 233.85 165.37
87.66 123.06 62.016 87.602 117.47 88.998 67.278 148.25 111.72 149.42
128.84 161.67 106.82 125.36 163.73 130.63 105.99 184.97 154.03 189.39
162.25 129.5 151.37 120.13 191.11 91.233 176.38 169.56 209.23 148.74
138.26 137.27 110.93 110.05 163.8 103.56 129.24 172.55 167.92 165.62
138.44 92.247 114.93 63.673 160.37 63.011 123.01 116.93 154.77 116.78
119.79 81.686 91.521 47.821 141.7 47.022 98.356 103.33 139.73 101.94
109.5 124.51 79.402 93.986 137.84 92.396 82.836 149.28 132.24 149.51
128.26 159.69 103.06 130.48 152.56 127.53 110.35 185.98 146.76 184.55
184.31 81.357 157.64 46.735 214.86 46.654 160.98 109.45 208.78 109.37
144.17 177.06 100.46 146.25 152.48 131.77 114.78 205.92 155.68 195.52
237.51 180.1 213.93 146.88 268.15 148.42 215.57 205.24 263.6 206.69
156.99 166.2 118.2 127.61 173.71 129.26 117.11 194.13 167.29 195.83
160.64 134.61 133.73 114.3 180.19 110.66 142.53 161.52 178.07 158.61
182.32 141.11 157.51 99.841 213.33 105.85 155.32 163.1 200.72 168.79
