-0.082335 0.536821 -3.07259 
-0.478584 -0.0523988 -2.98538 
0.0211532 0.194607 0.00615069 
-0.475204 -0.346271 2.89422 
-0.303942 -0.12442 2.96494 
0.230567 0.682045 -2.75536 
-1.00906 -0.779736 2.90222 
-0.223624 0.0421027 -0.0318424 
-0.150485 0.508561 0.797405 
-0.166782 -0.221029 -2.54251 
0.00456103 -0.322967 -0.0388392 
0.200405 0.856692 -2.96702 
-0.171775 0.0238162 -0.0726191 
-0.439916 -0.245215 0.0964555 
0.209638 0.243556 -3.06242 
0.286692 -0.288091 -3.07045 
-4.80339 -3.53584 0.293668 
-0.279778 -0.0295898 -0.0496617 
0.0616033 0.0276854 0.0354913 
-0.31434 0.00500169 -0.0615229 
-0.0767762 -0.103238 -0.02031 
-0.0829282 0.0370463 0.017185 
-0.617413 0.214366 0.11071 
0.567221 5.75153 -2.60116 
-0.115001 0.903535 -3.04443 
-0.091503 -0.272353 -0.128906 
-0.370587 -0.0333805 -0.0398073 
-0.0528789 -0.549504 3.06235 
-0.158047 -0.0133126 -0.300477 
-0.0788891 -0.0671276 -0.0733742 
1.98489 -5.90594 -0.481706 
0.0926257 -0.147886 3.05332 
-0.244769 -0.121964 3.03462 
-0.170885 -0.0241329 0.0450249 
0.394181 -0.365324 0.0532728 
0.262935 -0.229926 -0.0138341 
0.0316823 -0.63213 2.99385 
-0.39319 -0.0206662 0.198532 
-0.212835 0.493712 -2.91648 
0.966636 5.11685 3.05777 
-0.273584 0.0581177 0.0305341 
0.515192 -0.47955 2.96026 
-0.012909 0.0641775 -0.0889358 
-0.842167 -1.54811 3.50705 
-0.576943 0.178621 -0.0137247 
0.333001 -0.00975212 0.0945292 
-0.109113 -0.0946027 3.02818 
-1.58094 -4.24251 -4.0628 
-0.236762 0.0694248 -0.0382493 
-0.204396 0.017353 -0.157463 
-0.0105354 -0.173697 0.00919998 
-0.0988323 -0.237344 0.280118 
-0.120554 0.127094 -0.0593378 
-0.218418 -0.137202 -0.0400547 
-0.0235832 -0.0469082 0.0346452 
-3.22465 -3.21062 4.86251 
-0.360762 0.226369 0.00372337 
-0.0180337 0.0780395 0.121924 
1.03496 -5.79885 -1.36491 
0.13757 0.404315 -0.00406697 
0.280801 0.267973 -0.142803 
1.98471 5.52515 1.83066 
-0.03588 -0.267206 0.118029 
-0.179424 0.145259 -0.00505195 
-5.73581 -0.618713 2.63998 
0.0259232 0.0379218 2.98321 
0.501804 -0.404017 -0.512493 
-0.208476 0.217459 -0.00297543 
-0.257834 0.0112168 0.0459955 
-0.575315 0.192247 -0.150172 
-0.253198 -0.291434 2.76568 
-0.240843 0.0590185 -0.00940299 
-0.0724256 0.128924 3.12779 
-2.19516 6.21566 -1.29318 
-0.0684831 0.138682 3.10386 
0.309384 1.61146 2.26374 
2.20937 -5.0215 -2.71255 
-0.321776 -0.0543301 0.517106 
0.0928335 -0.111561 -3.13692 
-0.0983154 -0.00914671 3.08696 
0.0456551 0.318889 0.0894976 
0.273165 0.24283 2.96084 
-0.0887924 -0.0918219 3.09855 
-0.0438087 0.301095 0.222747 
-0.100851 0.168772 3.02472 
0.0540503 -0.424108 2.82082 
-0.222023 -0.142625 -0.10672 
0.548686 0.147984 -0.185214 
-0.0139363 0.185049 -3.14369 
-0.0373569 0.00288048 -0.202594 
-0.293576 -0.17665 -0.158228 
-6.05279 -1.456 2.16977 
-0.0603007 0.00604147 -0.117409 
0.310144 0.134705 -3.10838 
-0.0785518 0.117177 3.09851 
0.158117 -0.463291 3.08417 
-0.0811956 0.0898816 -0.00534492 
-0.05727 -0.16385 -3.05043 
2.51722 5.26825 2.18458 
-0.0876712 -0.0863388 0.211066 
-0.900358 5.79896 -2.80638 
-0.161928 -0.410995 2.98213 
0.0827291 -0.0537397 -0.0690048 
-0.0839372 -0.0012925 -0.0560826 
-0.143291 -0.000145281 3.01708 
0.0569113 0.0921624 -0.118491 
-0.00151726 0.0932072 -3.10627 
-0.367179 0.0418661 -0.020442 
-5.74849 -0.357667 3.2561 
0.0614139 0.185402 -0.0200729 
0.0922001 -0.159667 3.10754 
0.0357019 0.0135343 2.94491 
-0.369777 -0.00420449 -0.014207 
-0.223418 0.0493223 -0.0232255 
-1.1761 5.83245 -2.64538 
-0.15562 0.0962587 0.000762852 
-0.00424526 0.286259 0.294432 
3.86417 3.25777 -3.79764 
0.935603 -0.768648 2.72569 
-0.0218808 -0.45404 2.71559 
-2.30755 -2.6091 -5.02672 
-0.000343604 -0.26369 -0.0368613 
-0.269091 0.337617 -0.0311709 
-0.0497554 0.121492 2.94141 
-0.352307 0.220739 0.0617963 
-0.192301 0.272509 0.04034 
-4.01272 -3.65048 -3.1918 
0.476588 -0.13215 0.194333 
4.23947 3.40792 -3.30696 
0.10984 0.311794 -0.153795 
-0.33105 -0.0531479 -2.83573 
-0.244939 0.673602 -2.73477 
0.443004 -0.500278 -0.616536 
0.110818 -0.187516 0.189894 
-0.168081 0.191367 -0.268145 
-4.44624 4.42415 0.427907 
-0.106989 0.0297872 -0.0168132 
0.0665497 0.0374381 -0.0248788 
-4.47738 6.9178 30.2792 
-0.0916731 -0.217788 3.10896 
2.88838 5.87989 -1.36358 
0.25077 0.141141 -0.0238611 
-0.369015 -0.112525 -0.063317 
-0.99123 -4.12861 -4.29844 
-0.238108 -0.0747989 -0.118383 
-0.0274346 0.546823 0.130963 
0.313625 0.0658313 -0.0392248 
-0.633518 -0.00255049 0.0250122 
-0.0507049 0.0132113 -3.00928 
0.152937 -0.253535 0.424081 
-0.559316 5.38837 2.89409 
-0.0100599 0.281213 0.783062 
2.88877 5.03384 1.87037 
-6.01109 1.90548 1.9576 
0.216189 -0.0257951 3.0442 
-0.307991 0.018146 -0.439296 
-0.398431 -0.0178815 -0.0606228 
-0.127976 -0.245627 -0.252598 
0.237944 -0.192297 -0.209736 
0.00540837 0.125878 -0.387297 
-0.505682 -0.068876 -0.0237645 
-0.0917311 -0.212643 -0.0864992 
3.91533 3.13938 -3.70579 
0.323314 -0.387804 3.05571 
-0.437019 -1.43651 2.14008 
0.109913 0.159991 -3.08024 
2.40649 5.06354 2.31379 
-0.116223 0.0885187 3.02386 
-2.21035 6.04996 0.217594 
-4.93436 -4.08577 0.194763 
0.232136 0.213282 0.0193726 
0.0536429 -0.662665 2.93724 
-0.299792 -0.371766 0.0442777 
0.124849 0.0850704 -0.119233 
-0.188146 0.193302 0.0482355 
-2.74694 -3.12897 -4.61637 
-0.231648 0.395881 -0.028038 
0.00611419 -0.581098 2.94055 
0.227631 0.317482 -0.07567 
-0.293208 0.0366101 -2.93175 
-0.243864 -0.214633 -0.159995 
-0.329026 0.02241 0.0420667 
0.41276 0.00388956 -0.15243 
-0.146759 0.256909 3.0386 
-0.0321979 -0.331409 2.99664 
0.313113 -0.251867 0.0452302 
0.00856779 -0.0227067 -0.102933 
-0.400255 0.0126211 -0.00645543 
-0.144815 -0.1259 3.12948 
0.00719031 -0.055654 3.11623 
0.300375 0.0721498 -0.227638 
3.17224 8.20515 -9.20422 
-0.148205 0.111383 -0.0188953 
0.191024 -0.240564 2.99517 
-0.502489 0.361179 0.0771895 
-2.23929 5.54752 0.974959 
-0.0730679 0.134622 0.00510742 
-0.361446 0.374519 -0.0648055 
4.75011 -3.65673 -1.63438 
0.095192 0.0583593 0.00214241 
-0.233135 -0.240701 3.09949 
-3.6737 -2.37518 -4.33521 
-3.8007 -3.62078 -3.319 
-0.0658832 0.10061 -0.0159716 
0.0386359 -0.0120844 -0.308143 
0.276298 -0.00757599 -0.00959177 
-0.113803 0.39118 -0.160718 
0.120257 -0.177132 3.01156 
0.306988 0.117047 -3.02121 
-0.203065 0.0297577 0.137116 
-0.17435 -0.282518 0.189695 
0.0271192 -0.482764 3.06674 
0.129818 -0.0404818 3.0941 
-5.32413 -3.81095 -1.4128 
-0.0843154 0.484079 -0.0360979 
0.482287 0.44241 -2.98595 
0.0108886 0.263828 -0.0825164 
-1.55171 -5.76848 -1.39194 
0.106019 0.179817 0.0492538 
-0.167903 -0.0544951 -0.00632641 
-0.31979 0.227959 0.0864497 
2.45375 5.15389 2.2338 
0.368365 0.00837306 -0.126159 
17.6077 5.64733 -0.440647 
-0.0365894 -0.270818 -0.0360418 
0.128142 -4.99224 -3.32034 
0.213534 -0.0704262 -3.08581 
-0.249789 0.265502 -0.185042 
0.508371 -0.12064 -0.0190545 
1.74529 -1.10775 -5.58448 
-0.200827 0.117928 -0.00901171 
-0.932903 0.0458709 -1.873 
2.91597 4.29885 3.08854 
0.103459 0.208567 0.00613048 
-0.425139 -0.134939 2.74534 
-0.0349374 -0.334131 2.97466 
-0.00078728 -0.334762 0.121777 
0.0112296 0.196981 -0.187925 
-0.0272596 0.217491 0.044259 
-0.318306 -0.401392 3.00282 
0.277194 0.87353 -0.0254052 
-0.172328 -0.0344879 0.108245 
-0.367091 -0.264331 3.00583 
58.1128 47.0147 67.4655 
-0.232858 -0.047422 -0.0677556 
-0.474969 0.234286 0.070551 
0.107942 -0.344434 0.160234 
0.409962 0.0837509 2.63639 
0.31041 0.152932 -0.00386465 
-0.388768 -0.141324 2.98154 
-0.204377 0.0382527 -0.0325933 
-0.660255 -0.293677 0.0255349 
-0.262559 0.208287 3.09688 
1.52255 0.53988 -3.32161 
0.180855 -0.0562202 -3.04772 
-0.0683125 -0.169143 2.97794 
-0.298663 -0.01309 -0.246463 
0.161309 -0.146145 3.03434 
0.0413389 0.0353561 3.04655 
-0.069815 -0.487669 -0.20525 
-1.82995 10.7964 -6.52318 
-0.470251 0.175545 -0.0493403 
-0.0376773 0.595015 -3.09388 
0.111665 0.158982 -0.573175 
-0.497221 0.112641 0.122198 
-0.45326 -0.170763 0.0583274 
-0.00891419 0.0714858 -0.0226704 
-0.146415 -0.169942 3.07951 
-0.970758 0.388117 -2.41798 
-0.0370475 0.0323989 -0.0733288 
2.43481 -4.37648 -3.11883 
-0.609065 -0.0458504 -0.197505 
-0.0554465 0.435255 2.88506 
0.100911 0.0103788 -0.0987735 
-2.42484 5.27409 -2.83036 
-0.173444 0.31774 -0.356538 
-0.13373 0.0419778 3.0953 
0.649318 0.892301 -2.35395 
-0.0200779 -0.185506 2.51836 
0.0208282 -0.0347562 0.0210461 
-0.124075 0.310139 -0.138971 
-0.283433 -0.182401 -0.0604228 
-0.328987 -0.458938 3.11299 
1.0562 -0.692251 2.94538 
-0.126315 0.230179 -0.42433 
0.192116 0.0653731 -0.0635456 
0.819349 -1.79562 -9.15098 
0.151309 -0.14349 0.000361319 
0.172298 -0.0823693 0.15052 
0.0547602 0.01142 -0.0630675 
0.239997 0.219538 -2.99681 
-0.110124 -0.0111715 -0.00071316 
2.5958 4.66437 3.16251 
0.0298743 0.0530939 -0.0664534 
-3.88605 -4.97585 -0.069163 
-5.36245 -2.55273 -0.534937 
-0.300104 -0.180101 0.0188702 
4.69751 -3.67629 0.404126 
-0.0216446 0.137743 -3.04832 
4.21764 3.77764 1.19444 
-3.28186 5.12 -2.49525 
-3.58402 -4.70388 0.638975 
0.417596 0.382907 0.0534591 
-0.0244645 0.0341928 -0.0147503 
0.0944638 0.152861 0.0243579 
7.76377 -26.7213 -83.5426 
3.38718 4.67045 1.27981 
-0.0239826 -0.043075 0.0432664 
0.387862 -0.244029 2.92857 
0.111009 -0.129198 3.03246 
-0.226545 0.179835 0.110974 
0.188423 0.520984 0.11055 
0.0596302 0.0995267 -0.00885296 
-2.31482 5.17934 -3.00591 
0.00833865 -0.432314 -0.258351 
0.228504 0.528402 -3.04621 
-0.0561162 0.589104 -0.0257439 
-0.370003 -0.157724 -0.0219443 
-0.601715 0.0130955 0.0380158 
0.0579145 -0.104795 3.08714 
0.265141 0.267961 -0.13843 
0.0419816 0.0804034 -2.76792 
-0.138793 0.565479 -2.7548 
0.0660564 0.673974 -2.8987 
0.475777 0.621784 -0.191976 
2.86608 11.1043 4.46599 
-0.0501482 0.0133248 -0.1078 
-0.132461 0.206857 3.10842 
-0.564832 -0.130178 -0.00935618 
-0.191542 0.0209947 0.00656901 
-0.0347564 -0.234639 3.03509 
0.320284 -0.409291 2.98721 
0.0967598 0.228532 0.0369245 
-0.314931 0.208801 -3.02458 
-5.15633 2.76322 30.6467 
-0.0143122 -0.609137 2.98057 
-0.28523 -0.302351 -0.12902 
-0.177175 0.166433 0.189651 
-6.37483 0.433328 1.07341 
0.173583 -0.764514 2.99835 
0.0933134 0.328494 -3.10713 
-0.318854 0.100068 0.15097 
0.01988 -0.0770857 -0.025213 
-0.203843 -0.0748099 -0.102139 
-0.0979665 -0.157 3.04144 
-0.169089 -0.146239 0.0880866 
-0.134066 -0.208548 2.98842 
-0.553116 6.09138 1.30924 
0.0946714 -0.312906 -0.151636 
-4.4548 -4.60553 0.289467 
0.0833915 5.15401 3.41436 
-0.269645 0.536312 -3.0318 
-0.171207 0.306201 0.111653 
-0.391846 0.167232 -0.484468 
0.363475 0.0030556 3.01302 
0.120249 -0.62274 2.81959 
0.418959 0.692695 -2.80429 
0.0189286 0.00588185 -0.00396592 
-0.408595 -0.0767473 3.08472 
-0.0537574 -0.0797651 3.09941 
0.188613 -0.15569 0.32014 
3.39924 3.83165 -3.75106 
1.48313 0.0084976 -5.79215 
0.135518 0.531452 -0.311531 
0.08119 -0.0807358 -0.185544 
0.0670867 0.121051 0.420329 
-0.00938411 -0.238358 -0.0627331 
-0.361129 0.319848 -2.99247 
-0.234185 0.129537 0.0914479 
0.336017 -0.31131 3.13911 
-0.33822 -0.697079 2.94298 
0.223678 0.191921 -2.8645 
-0.0515839 0.214215 -0.189532 
-0.183617 0.0969005 -3.11621 
-12.1914 4.67348 0.69234 
-0.232997 -0.316049 3.02883 
-0.366838 -0.162673 3.10921 
-0.0719656 0.0808449 -0.0675078 
-0.111983 0.0319057 0.0202726 
0.24394 0.283414 0.135242 
-0.324216 0.096769 -2.79813 
-4.75508 -10.4367 -4.38285 
0.221986 -0.0903799 2.97506 
0.0542876 -0.35157 -3.05314 
2.73097 -2.17363 3.11964 
1.10072 -2.14652 3.17629 
-0.199698 -0.36989 3.01636 
-0.143476 0.0253483 0.0011718 
-0.148795 0.0414738 0.0952802 
0.213866 0.447043 0.208005 
-0.0226264 0.270103 -0.277787 
-0.0121276 -0.0412774 -3.10885 
-0.00473621 0.675812 -0.0231897 
0.0212877 0.306873 0.0482207 
-0.179217 -0.209822 -0.0506106 
-1.59529 -6.4706 1.18262 
-0.271942 -0.0202793 -0.00975827 
-0.137367 0.0842976 -0.166557 
-0.00796882 -0.134416 2.87165 
-35667.2 -6301.69 -34436 
0.353657 -0.343231 2.86428 
0.213297 -0.106342 3.09159 
-0.147164 0.299427 -0.254955 
0.0328262 -0.0724899 0.211844 
-0.0508077 -0.593565 3.00846 
-0.119373 -1.94759 -2.7068 
0.301109 0.0950276 -0.0465425 
0.13624 0.0481534 0.00830386 
0.119509 -0.0213595 0.023451 
-0.287154 0.211177 -0.0164227 
-0.346128 -0.0600913 0.21087 
-0.160844 0.420755 -0.00292871 
0.0792066 -0.285423 2.87753 
-2.98203 3.05165 -4.74316 
-0.416654 -0.11556 -0.0370457 
0.133409 0.0411684 0.413807 
0.0222937 0.100363 -0.132574 
0.0248702 0.126857 -0.0890448 
-0.343645 10.5283 6.50892 
-0.01872 0.205537 3.11532 
-0.182007 -0.349429 0.0179305 
-0.0695472 -0.00852979 0.0421936 
0.0802306 0.161657 -3.14314 
0.649634 0.515118 0.147932 
-0.364159 -0.208296 -0.064226 
-0.339457 0.418878 -3.06982 
-0.205351 -0.279035 -3.0453 
-0.0218972 0.899827 -2.58294 
0.000464001 -0.67697 3.02272 
0.428565 5.12955 -3.68791 
0.169393 0.164839 -3.14237 
-1.98929 5.77435 -1.89493 
-0.0161078 -0.509416 2.82484 
0.224764 0.0104346 0.0186475 
0.0506915 -0.0812229 0.0255492 
2.1342 5.661 -1.46494 
-0.173047 0.227155 0.0495116 
0.00295859 0.136051 -0.0308749 
-0.320684 -0.305637 3.10714 
0.030888 -0.133983 -0.011465 
0.100197 0.127257 -0.0314401 
0.210765 0.141192 0.0457043 
1.1348 5.83342 2.04945 
-1.07568 0.652288 -0.979509 
-0.0455415 -0.0898871 2.84597 
-0.593391 -0.0669637 -0.0292893 
-0.486361 -0.257905 -0.222547 
0.0330429 -0.443981 0.0245293 
0.133058 0.143885 0.0459392 
0.149894 -0.154386 -0.0647713 
-0.517366 0.121073 -2.80229 
0.109192 -0.46871 2.82111 
0.0671664 -0.0458763 0.0663314 
0.434583 -0.0884612 2.96177 
-0.271671 0.276122 0.613355 
-0.136822 0.153858 -3.09634 
-0.28167 -0.484912 2.93191 
-21.605 22.0553 -3.7731 
-0.0302229 0.0600313 3.13518 
-0.243351 -0.345167 -0.073223 
-5.26309 -3.33838 -1.14506 
-4.92523 2.1212 -3.62629 
0.0624821 -0.0738146 0.0665859 
0.136658 -0.257811 3.10665 
-0.0119788 0.205097 -0.182039 
0.0151159 5.34712 2.70204 
2.90405 2.03109 -5.70118 
0.088174 0.522385 -0.0695913 
-0.314006 -2.00536 -2.77383 
0.0294468 4.33575 4.36982 
-0.635929 -1.8462 -0.449847 
-0.0253348 -0.363992 -0.207978 
0.321726 -1.88434 2.8401 
-0.310169 -0.21964 -0.149924 
-1.05467 -0.732596 2.80431 
-0.0483993 0.0089954 -2.90864 
10.5646 3.31824 5.15724 
0.140788 0.174167 -3.10101 
0.289095 -0.0464666 -0.00675431 
-0.230732 0.0819489 0.122771 
-0.120732 -0.0218156 -3.08285 
-0.141659 -0.306206 3.03693 
-2.05194 -5.25068 0.184709 
-0.441203 0.0703722 -0.0762331 
-0.412384 -0.0381908 -0.0153884 
-0.274223 -0.119028 -2.89345 
-3.85164 -3.66785 -3.32314 
-0.336418 0.131908 0.0912322 
0.242888 0.129352 -0.0154533 
0.461353 0.14784 -3.02769 
-0.255292 0.0723131 -0.00735407 
0.187784 0.320972 -0.108834 
-3.7356 -4.20733 -2.84428 
-0.238527 -0.0212596 0.00200353 
0.0709869 0.36378 -3.03294 
0.405216 -0.518287 -0.492459 
0.138553 -0.18152 -0.175751 
-0.0951203 -0.0754358 3.10371 
-0.246615 0.0566959 -0.055413 
-0.00820847 0.066113 -0.00666597 
-0.0467161 0.0567893 -0.0436011 
0.0526331 0.337927 -3.12457 
-0.220483 0.407426 -0.215949 
-0.175921 -0.0203653 0.0173545 
-0.196019 0.383958 0.00550376 
0.315031 0.106474 -0.0793645 
-0.245701 0.0426786 0.0941967 
-0.082335 0.536821 -3.07259 
-0.082335 0.536821 -3.07259 
-0.478584 -0.0523988 -2.98538 
0.0211532 0.194607 0.00615069 
-0.475204 -0.346271 2.89422 
-0.303942 -0.12442 2.96494 
0.230567 0.682045 -2.75536 
-1.00906 -0.779736 2.90222 
-0.223624 0.0421027 -0.0318424 
-0.150485 0.508561 0.797405 
-0.166782 -0.221029 -2.54251 
0.00456103 -0.322967 -0.0388392 
0.200405 0.856692 -2.96702 
-0.171775 0.0238162 -0.0726191 
-0.439916 -0.245215 0.0964555 
0.209638 0.243556 -3.06242 
0.286692 -0.288091 -3.07045 
-4.80339 -3.53584 0.293668 
-0.279778 -0.0295898 -0.0496617 
0.0616033 0.0276854 0.0354913 
-0.31434 0.00500169 -0.0615229 
-0.0767762 -0.103238 -0.02031 
-0.0829282 0.0370463 0.017185 
-0.617413 0.214366 0.11071 
0.567221 5.75153 -2.60116 
-0.115001 0.903535 -3.04443 
-0.091503 -0.272353 -0.128906 
-0.370587 -0.0333805 -0.0398073 
-0.0528789 -0.549504 3.06235 
-0.158047 -0.0133126 -0.300477 
-0.0788891 -0.0671276 -0.0733742 
1.98489 -5.90594 -0.481706 
0.0926257 -0.147886 3.05332 
-0.244769 -0.121964 3.03462 
-0.170885 -0.0241329 0.0450249 
0.394181 -0.365324 0.0532728 
0.262935 -0.229926 -0.0138341 
0.0316823 -0.63213 2.99385 
-0.39319 -0.0206662 0.198532 
-0.212835 0.493712 -2.91648 
0.966636 5.11685 3.05777 
-0.273584 0.0581177 0.0305341 
0.515192 -0.47955 2.96026 
-0.012909 0.0641775 -0.0889358 
-0.842167 -1.54811 3.50705 
-0.576943 0.178621 -0.0137247 
0.333001 -0.00975212 0.0945292 
-0.109113 -0.0946027 3.02818 
-1.58094 -4.24251 -4.0628 
-0.236762 0.0694248 -0.0382493 
-0.204396 0.017353 -0.157463 
-0.0105354 -0.173697 0.00919998 
-0.0988323 -0.237344 0.280118 
-0.120554 0.127094 -0.0593378 
-0.218418 -0.137202 -0.0400547 
-0.0235832 -0.0469082 0.0346452 
-3.22465 -3.21062 4.86251 
-0.360762 0.226369 0.00372337 
-0.0180337 0.0780395 0.121924 
1.03496 -5.79885 -1.36491 
0.13757 0.404315 -0.00406697 
0.280801 0.267973 -0.142803 
1.98471 5.52515 1.83066 
-0.03588 -0.267206 0.118029 
-0.179424 0.145259 -0.00505195 
-5.73581 -0.618713 2.63998 
0.0259232 0.0379218 2.98321 
0.501804 -0.404017 -0.512493 
-0.208476 0.217459 -0.00297543 
-0.257834 0.0112168 0.0459955 
-0.575315 0.192247 -0.150172 
-0.253198 -0.291434 2.76568 
-0.240843 0.0590185 -0.00940299 
-0.0724256 0.128924 3.12779 
-2.19516 6.21566 -1.29318 
-0.0684831 0.138682 3.10386 
0.309384 1.61146 2.26374 
2.20937 -5.0215 -2.71255 
-0.321776 -0.0543301 0.517106 
0.0928335 -0.111561 -3.13692 
-0.0983154 -0.00914671 3.08696 
0.0456551 0.318889 0.0894976 
0.273165 0.24283 2.96084 
-0.0887924 -0.0918219 3.09855 
-0.0438087 0.301095 0.222747 
-0.100851 0.168772 3.02472 
0.0540503 -0.424108 2.82082 
-0.222023 -0.142625 -0.10672 
0.548686 0.147984 -0.185214 
-0.0139363 0.185049 -3.14369 
-0.0373569 0.00288048 -0.202594 
-0.293576 -0.17665 -0.158228 
-6.05279 -1.456 2.16977 
-0.0603007 0.00604147 -0.117409 
0.310144 0.134705 -3.10838 
-0.0785518 0.117177 3.09851 
0.158117 -0.463291 3.08417 
-0.0811956 0.0898816 -0.00534492 
-0.05727 -0.16385 -3.05043 
2.51722 5.26825 2.18458 
-0.0876712 -0.0863388 0.211066 
-0.900358 5.79896 -2.80638 
-0.161928 -0.410995 2.98213 
0.0827291 -0.0537397 -0.0690048 
-0.0839372 -0.0012925 -0.0560826 
-0.143291 -0.000145281 3.01708 
0.0569113 0.0921624 -0.118491 
-0.00151726 0.0932072 -3.10627 
-0.367179 0.0418661 -0.020442 
-5.74849 -0.357667 3.2561 
0.0614139 0.185402 -0.0200729 
0.0922001 -0.159667 3.10754 
0.0357019 0.0135343 2.94491 
-0.369777 -0.00420449 -0.014207 
-0.223418 0.0493223 -0.0232255 
-1.1761 5.83245 -2.64538 
-0.15562 0.0962587 0.000762852 
-0.00424526 0.286259 0.294432 
3.86417 3.25777 -3.79764 
0.935603 -0.768648 2.72569 
-0.0218808 -0.45404 2.71559 
-2.30755 -2.6091 -5.02672 
-0.000343604 -0.26369 -0.0368613 
-0.269091 0.337617 -0.0311709 
-0.0497554 0.121492 2.94141 
-0.352307 0.220739 0.0617963 
-0.192301 0.272509 0.04034 
-4.01272 -3.65048 -3.1918 
0.476588 -0.13215 0.194333 
4.23947 3.40792 -3.30696 
0.10984 0.311794 -0.153795 
-0.33105 -0.0531479 -2.83573 
-0.244939 0.673602 -2.73477 
0.443004 -0.500278 -0.616536 
0.110818 -0.187516 0.189894 
-0.168081 0.191367 -0.268145 
-4.44624 4.42415 0.427907 
-0.106989 0.0297872 -0.0168132 
0.0665497 0.0374381 -0.0248788 
-4.47738 6.9178 30.2792 
-0.0916731 -0.217788 3.10896 
2.88838 5.87989 -1.36358 
0.25077 0.141141 -0.0238611 
-0.369015 -0.112525 -0.063317 
-0.99123 -4.12861 -4.29844 
-0.238108 -0.0747989 -0.118383 
-0.0274346 0.546823 0.130963 
0.313625 0.0658313 -0.0392248 
-0.633518 -0.00255049 0.0250122 
-0.0507049 0.0132113 -3.00928 
0.152937 -0.253535 0.424081 
-0.559316 5.38837 2.89409 
-0.0100599 0.281213 0.783062 
2.88877 5.03384 1.87037 
-6.01109 1.90548 1.9576 
0.216189 -0.0257951 3.0442 
-0.307991 0.018146 -0.439296 
-0.398431 -0.0178815 -0.0606228 
-0.127976 -0.245627 -0.252598 
0.237944 -0.192297 -0.209736 
0.00540837 0.125878 -0.387297 
-0.505682 -0.068876 -0.0237645 
-0.0917311 -0.212643 -0.0864992 
3.91533 3.13938 -3.70579 
0.323314 -0.387804 3.05571 
-0.437019 -1.43651 2.14008 
0.109913 0.159991 -3.08024 
2.40649 5.06354 2.31379 
-0.116223 0.0885187 3.02386 
-2.21035 6.04996 0.217594 
-4.93436 -4.08577 0.194763 
0.232136 0.213282 0.0193726 
0.0536429 -0.662665 2.93724 
-0.299792 -0.371766 0.0442777 
0.124849 0.0850704 -0.119233 
-0.188146 0.193302 0.0482355 
-2.74694 -3.12897 -4.61637 
-0.231648 0.395881 -0.028038 
0.00611419 -0.581098 2.94055 
0.227631 0.317482 -0.07567 
-0.293208 0.0366101 -2.93175 
-0.243864 -0.214633 -0.159995 
-0.329026 0.02241 0.0420667 
0.41276 0.00388956 -0.15243 
-0.146759 0.256909 3.0386 
-0.0321979 -0.331409 2.99664 
0.313113 -0.251867 0.0452302 
0.00856779 -0.0227067 -0.102933 
-0.400255 0.0126211 -0.00645543 
-0.144815 -0.1259 3.12948 
0.00719031 -0.055654 3.11623 
0.300375 0.0721498 -0.227638 
3.17224 8.20515 -9.20422 
-0.148205 0.111383 -0.0188953 
0.191024 -0.240564 2.99517 
-0.502489 0.361179 0.0771895 
-2.23929 5.54752 0.974959 
-0.0730679 0.134622 0.00510742 
-0.361446 0.374519 -0.0648055 
4.75011 -3.65673 -1.63438 
0.095192 0.0583593 0.00214241 
-0.233135 -0.240701 3.09949 
-3.6737 -2.37518 -4.33521 
-3.8007 -3.62078 -3.319 
-0.0658832 0.10061 -0.0159716 
0.0386359 -0.0120844 -0.308143 
0.276298 -0.00757599 -0.00959177 
-0.113803 0.39118 -0.160718 
0.120257 -0.177132 3.01156 
0.306988 0.117047 -3.02121 
-0.203065 0.0297577 0.137116 
-0.17435 -0.282518 0.189695 
0.0271192 -0.482764 3.06674 
0.129818 -0.0404818 3.0941 
-5.32413 -3.81095 -1.4128 
-0.0843154 0.484079 -0.0360979 
0.482287 0.44241 -2.98595 
0.0108886 0.263828 -0.0825164 
-1.55171 -5.76848 -1.39194 
0.106019 0.179817 0.0492538 
-0.167903 -0.0544951 -0.00632641 
-0.31979 0.227959 0.0864497 
2.45375 5.15389 2.2338 
0.368365 0.00837306 -0.126159 
17.6077 5.64733 -0.440647 
-0.0365894 -0.270818 -0.0360418 
0.128142 -4.99224 -3.32034 
0.213534 -0.0704262 -3.08581 
-0.249789 0.265502 -0.185042 
0.508371 -0.12064 -0.0190545 
1.74529 -1.10775 -5.58448 
-0.200827 0.117928 -0.00901171 
-0.932903 0.0458709 -1.873 
2.91597 4.29885 3.08854 
0.103459 0.208567 0.00613048 
-0.425139 -0.134939 2.74534 
-0.0349374 -0.334131 2.97466 
-0.00078728 -0.334762 0.121777 
0.0112296 0.196981 -0.187925 
-0.0272596 0.217491 0.044259 
-0.318306 -0.401392 3.00282 
0.277194 0.87353 -0.0254052 
-0.172328 -0.0344879 0.108245 
-0.367091 -0.264331 3.00583 
58.1128 47.0147 67.4655 
-0.232858 -0.047422 -0.0677556 
-0.474969 0.234286 0.070551 
0.107942 -0.344434 0.160234 
0.409962 0.0837509 2.63639 
0.31041 0.152932 -0.00386465 
-0.388768 -0.141324 2.98154 
-0.204377 0.0382527 -0.0325933 
-0.660255 -0.293677 0.0255349 
-0.262559 0.208287 3.09688 
1.52255 0.53988 -3.32161 
0.180855 -0.0562202 -3.04772 
-0.0683125 -0.169143 2.97794 
-0.298663 -0.01309 -0.246463 
0.161309 -0.146145 3.03434 
0.0413389 0.0353561 3.04655 
-0.069815 -0.487669 -0.20525 
-1.82995 10.7964 -6.52318 
-0.470251 0.175545 -0.0493403 
-0.0376773 0.595015 -3.09388 
0.111665 0.158982 -0.573175 
-0.497221 0.112641 0.122198 
-0.45326 -0.170763 0.0583274 
-0.00891419 0.0714858 -0.0226704 
-0.146415 -0.169942 3.07951 
-0.970758 0.388117 -2.41798 
-0.0370475 0.0323989 -0.0733288 
2.43481 -4.37648 -3.11883 
-0.609065 -0.0458504 -0.197505 
-0.0554465 0.435255 2.88506 
0.100911 0.0103788 -0.0987735 
-2.42484 5.27409 -2.83036 
-0.173444 0.31774 -0.356538 
-0.13373 0.0419778 3.0953 
0.649318 0.892301 -2.35395 
-0.0200779 -0.185506 2.51836 
0.0208282 -0.0347562 0.0210461 
-0.124075 0.310139 -0.138971 
-0.283433 -0.182401 -0.0604228 
-0.328987 -0.458938 3.11299 
1.0562 -0.692251 2.94538 
-0.126315 0.230179 -0.42433 
0.192116 0.0653731 -0.0635456 
0.819349 -1.79562 -9.15098 
0.151309 -0.14349 0.000361319 
0.172298 -0.0823693 0.15052 
0.0547602 0.01142 -0.0630675 
0.239997 0.219538 -2.99681 
-0.110124 -0.0111715 -0.00071316 
2.5958 4.66437 3.16251 
0.0298743 0.0530939 -0.0664534 
-3.88605 -4.97585 -0.069163 
-5.36245 -2.55273 -0.534937 
-0.300104 -0.180101 0.0188702 
4.69751 -3.67629 0.404126 
-0.0216446 0.137743 -3.04832 
4.21764 3.77764 1.19444 
-3.28186 5.12 -2.49525 
-3.58402 -4.70388 0.638975 
0.417596 0.382907 0.0534591 
-0.0244645 0.0341928 -0.0147503 
0.0944638 0.152861 0.0243579 
7.76377 -26.7213 -83.5426 
3.38718 4.67045 1.27981 
-0.0239826 -0.043075 0.0432664 
0.387862 -0.244029 2.92857 
0.111009 -0.129198 3.03246 
-0.226545 0.179835 0.110974 
0.188423 0.520984 0.11055 
0.0596302 0.0995267 -0.00885296 
-2.31482 5.17934 -3.00591 
0.00833865 -0.432314 -0.258351 
0.228504 0.528402 -3.04621 
-0.0561162 0.589104 -0.0257439 
-0.370003 -0.157724 -0.0219443 
-0.601715 0.0130955 0.0380158 
0.0579145 -0.104795 3.08714 
0.265141 0.267961 -0.13843 
0.0419816 0.0804034 -2.76792 
-0.138793 0.565479 -2.7548 
0.0660564 0.673974 -2.8987 
0.475777 0.621784 -0.191976 
2.86608 11.1043 4.46599 
-0.0501482 0.0133248 -0.1078 
-0.132461 0.206857 3.10842 
-0.564832 -0.130178 -0.00935618 
-0.191542 0.0209947 0.00656901 
-0.0347564 -0.234639 3.03509 
0.320284 -0.409291 2.98721 
0.0967598 0.228532 0.0369245 
-0.314931 0.208801 -3.02458 
-5.15633 2.76322 30.6467 
-0.0143122 -0.609137 2.98057 
-0.28523 -0.302351 -0.12902 
-0.177175 0.166433 0.189651 
-6.37483 0.433328 1.07341 
0.173583 -0.764514 2.99835 
0.0933134 0.328494 -3.10713 
-0.318854 0.100068 0.15097 
0.01988 -0.0770857 -0.025213 
-0.203843 -0.0748099 -0.102139 
-0.0979665 -0.157 3.04144 
-0.169089 -0.146239 0.0880866 
-0.134066 -0.208548 2.98842 
-0.553116 6.09138 1.30924 
0.0946714 -0.312906 -0.151636 
-4.4548 -4.60553 0.289467 
0.0833915 5.15401 3.41436 
-0.269645 0.536312 -3.0318 
-0.171207 0.306201 0.111653 
-0.391846 0.167232 -0.484468 
0.363475 0.0030556 3.01302 
0.120249 -0.62274 2.81959 
0.418959 0.692695 -2.80429 
0.0189286 0.00588185 -0.00396592 
-0.408595 -0.0767473 3.08472 
-0.0537574 -0.0797651 3.09941 
0.188613 -0.15569 0.32014 
3.39924 3.83165 -3.75106 
1.48313 0.0084976 -5.79215 
0.135518 0.531452 -0.311531 
0.08119 -0.0807358 -0.185544 
0.0670867 0.121051 0.420329 
-0.00938411 -0.238358 -0.0627331 
-0.361129 0.319848 -2.99247 
-0.234185 0.129537 0.0914479 
0.336017 -0.31131 3.13911 
-0.33822 -0.697079 2.94298 
0.223678 0.191921 -2.8645 
-0.0515839 0.214215 -0.189532 
-0.183617 0.0969005 -3.11621 
-12.1914 4.67348 0.69234 
-0.232997 -0.316049 3.02883 
-0.366838 -0.162673 3.10921 
-0.0719656 0.0808449 -0.0675078 
-0.111983 0.0319057 0.0202726 
0.24394 0.283414 0.135242 
-0.324216 0.096769 -2.79813 
-4.75508 -10.4367 -4.38285 
0.221986 -0.0903799 2.97506 
0.0542876 -0.35157 -3.05314 
2.73097 -2.17363 3.11964 
1.10072 -2.14652 3.17629 
-0.199698 -0.36989 3.01636 
-0.143476 0.0253483 0.0011718 
-0.148795 0.0414738 0.0952802 
0.213866 0.447043 0.208005 
-0.0226264 0.270103 -0.277787 
-0.0121276 -0.0412774 -3.10885 
-0.00473621 0.675812 -0.0231897 
0.0212877 0.306873 0.0482207 
-0.179217 -0.209822 -0.0506106 
-1.59529 -6.4706 1.18262 
-0.271942 -0.0202793 -0.00975827 
-0.137367 0.0842976 -0.166557 
-0.00796882 -0.134416 2.87165 
-35667.2 -6301.69 -34436 
0.353657 -0.343231 2.86428 
0.213297 -0.106342 3.09159 
-0.147164 0.299427 -0.254955 
0.0328262 -0.0724899 0.211844 
-0.0508077 -0.593565 3.00846 
-0.119373 -1.94759 -2.7068 
0.301109 0.0950276 -0.0465425 
0.13624 0.0481534 0.00830386 
0.119509 -0.0213595 0.023451 
-0.287154 0.211177 -0.0164227 
-0.346128 -0.0600913 0.21087 
-0.160844 0.420755 -0.00292871 
0.0792066 -0.285423 2.87753 
-2.98203 3.05165 -4.74316 
-0.416654 -0.11556 -0.0370457 
0.133409 0.0411684 0.413807 
0.0222937 0.100363 -0.132574 
0.0248702 0.126857 -0.0890448 
-0.343645 10.5283 6.50892 
-0.01872 0.205537 3.11532 
-0.182007 -0.349429 0.0179305 
-0.0695472 -0.00852979 0.0421936 
0.0802306 0.161657 -3.14314 
0.649634 0.515118 0.147932 
-0.364159 -0.208296 -0.064226 
-0.339457 0.418878 -3.06982 
-0.205351 -0.279035 -3.0453 
-0.0218972 0.899827 -2.58294 
0.000464001 -0.67697 3.02272 
0.428565 5.12955 -3.68791 
0.169393 0.164839 -3.14237 
-1.98929 5.77435 -1.89493 
-0.0161078 -0.509416 2.82484 
0.224764 0.0104346 0.0186475 
0.0506915 -0.0812229 0.0255492 
2.1342 5.661 -1.46494 
-0.173047 0.227155 0.0495116 
0.00295859 0.136051 -0.0308749 
-0.320684 -0.305637 3.10714 
0.030888 -0.133983 -0.011465 
0.100197 0.127257 -0.0314401 
0.210765 0.141192 0.0457043 
1.1348 5.83342 2.04945 
-1.07568 0.652288 -0.979509 
-0.0455415 -0.0898871 2.84597 
-0.593391 -0.0669637 -0.0292893 
-0.486361 -0.257905 -0.222547 
0.0330429 -0.443981 0.0245293 
0.133058 0.143885 0.0459392 
0.149894 -0.154386 -0.0647713 
-0.517366 0.121073 -2.80229 
0.109192 -0.46871 2.82111 
0.0671664 -0.0458763 0.0663314 
0.434583 -0.0884612 2.96177 
-0.271671 0.276122 0.613355 
-0.136822 0.153858 -3.09634 
-0.28167 -0.484912 2.93191 
-21.605 22.0553 -3.7731 
-0.0302229 0.0600313 3.13518 
-0.243351 -0.345167 -0.073223 
-5.26309 -3.33838 -1.14506 
-4.92523 2.1212 -3.62629 
0.0624821 -0.0738146 0.0665859 
0.136658 -0.257811 3.10665 
-0.0119788 0.205097 -0.182039 
0.0151159 5.34712 2.70204 
2.90405 2.03109 -5.70118 
0.088174 0.522385 -0.0695913 
-0.314006 -2.00536 -2.77383 
0.0294468 4.33575 4.36982 
-0.635929 -1.8462 -0.449847 
-0.0253348 -0.363992 -0.207978 
0.321726 -1.88434 2.8401 
-0.310169 -0.21964 -0.149924 
-1.05467 -0.732596 2.80431 
-0.0483993 0.0089954 -2.90864 
10.5646 3.31824 5.15724 
0.140788 0.174167 -3.10101 
0.289095 -0.0464666 -0.00675431 
-0.230732 0.0819489 0.122771 
-0.120732 -0.0218156 -3.08285 
-0.141659 -0.306206 3.03693 
-2.05194 -5.25068 0.184709 
-0.441203 0.0703722 -0.0762331 
-0.412384 -0.0381908 -0.0153884 
-0.274223 -0.119028 -2.89345 
-3.85164 -3.66785 -3.32314 
-0.336418 0.131908 0.0912322 
0.242888 0.129352 -0.0154533 
0.461353 0.14784 -3.02769 
-0.255292 0.0723131 -0.00735407 
0.187784 0.320972 -0.108834 
-3.7356 -4.20733 -2.84428 
-0.238527 -0.0212596 0.00200353 
0.0709869 0.36378 -3.03294 
0.405216 -0.518287 -0.492459 
0.138553 -0.18152 -0.175751 
-0.0951203 -0.0754358 3.10371 
-0.246615 0.0566959 -0.055413 
-0.00820847 0.066113 -0.00666597 
-0.0467161 0.0567893 -0.0436011 
0.0526331 0.337927 -3.12457 
-0.220483 0.407426 -0.215949 
-0.175921 -0.0203653 0.0173545 
-0.196019 0.383958 0.00550376 
0.315031 0.106474 -0.0793645 
-0.245701 0.0426786 0.0941967 
-0.082335 0.536821 -3.07259 
-0.478584 -0.0523988 -2.98538 
0.0211532 0.194607 0.00615069 
-0.475204 -0.346271 2.89422 
-0.303942 -0.12442 2.96494 
0.230567 0.682045 -2.75536 
-1.00906 -0.779736 2.90222 
-0.223624 0.0421027 -0.0318424 
-0.150485 0.508561 0.797405 
-0.166782 -0.221029 -2.54251 
0.00456103 -0.322967 -0.0388392 
0.200405 0.856692 -2.96702 
-0.171775 0.0238162 -0.0726191 
-0.439916 -0.245215 0.0964555 
0.209638 0.243556 -3.06242 
0.286692 -0.288091 -3.07045 
-4.80339 -3.53584 0.293668 
-0.279778 -0.0295898 -0.0496617 
0.0616033 0.0276854 0.0354913 
-0.31434 0.00500169 -0.0615229 
-0.0767762 -0.103238 -0.02031 
-0.0829282 0.0370463 0.017185 
-0.617413 0.214366 0.11071 
0.567221 5.75153 -2.60116 
-0.115001 0.903535 -3.04443 
-0.091503 -0.272353 -0.128906 
-0.370587 -0.0333805 -0.0398073 
-0.0528789 -0.549504 3.06235 
-0.158047 -0.0133126 -0.300477 
-0.0788891 -0.0671276 -0.0733742 
1.98489 -5.90594 -0.481706 
0.0926257 -0.147886 3.05332 
-0.244769 -0.121964 3.03462 
-0.170885 -0.0241329 0.0450249 
0.394181 -0.365324 0.0532728 
0.262935 -0.229926 -0.0138341 
0.0316823 -0.63213 2.99385 
-0.39319 -0.0206662 0.198532 
-0.212835 0.493712 -2.91648 
0.966636 5.11685 3.05777 
-0.273584 0.0581177 0.0305341 
0.515192 -0.47955 2.96026 
-0.012909 0.0641775 -0.0889358 
-0.842167 -1.54811 3.50705 
-0.576943 0.178621 -0.0137247 
0.333001 -0.00975212 0.0945292 
-0.109113 -0.0946027 3.02818 
-1.58094 -4.24251 -4.0628 
-0.236762 0.0694248 -0.0382493 
-0.204396 0.017353 -0.157463 
-0.0105354 -0.173697 0.00919998 
-0.0988323 -0.237344 0.280118 
-0.120554 0.127094 -0.0593378 
-0.218418 -0.137202 -0.0400547 
-0.0235832 -0.0469082 0.0346452 
-3.22465 -3.21062 4.86251 
-0.360762 0.226369 0.00372337 
-0.0180337 0.0780395 0.121924 
1.03496 -5.79885 -1.36491 
0.13757 0.404315 -0.00406697 
0.280801 0.267973 -0.142803 
1.98471 5.52515 1.83066 
-0.03588 -0.267206 0.118029 
-0.179424 0.145259 -0.00505195 
-5.73581 -0.618713 2.63998 
0.0259232 0.0379218 2.98321 
0.501804 -0.404017 -0.512493 
-0.208476 0.217459 -0.00297543 
-0.257834 0.0112168 0.0459955 
-0.575315 0.192247 -0.150172 
-0.253198 -0.291434 2.76568 
-0.240843 0.0590185 -0.00940299 
-0.0724256 0.128924 3.12779 
-2.19516 6.21566 -1.29318 
-0.0684831 0.138682 3.10386 
0.309384 1.61146 2.26374 
2.20937 -5.0215 -2.71255 
-0.321776 -0.0543301 0.517106 
0.0928335 -0.111561 -3.13692 
-0.0983154 -0.00914671 3.08696 
0.0456551 0.318889 0.0894976 
0.273165 0.24283 2.96084 
-0.0887924 -0.0918219 3.09855 
-0.0438087 0.301095 0.222747 
-0.100851 0.168772 3.02472 
0.0540503 -0.424108 2.82082 
-0.222023 -0.142625 -0.10672 
0.548686 0.147984 -0.185214 
-0.0139363 0.185049 -3.14369 
-0.0373569 0.00288048 -0.202594 
-0.293576 -0.17665 -0.158228 
-6.05279 -1.456 2.16977 
-0.0603007 0.00604147 -0.117409 
0.310144 0.134705 -3.10838 
-0.0785518 0.117177 3.09851 
0.158117 -0.463291 3.08417 
-0.0811956 0.0898816 -0.00534492 
-0.05727 -0.16385 -3.05043 
2.51722 5.26825 2.18458 
-0.0876712 -0.0863388 0.211066 
-0.900358 5.79896 -2.80638 
-0.161928 -0.410995 2.98213 
0.0827291 -0.0537397 -0.0690048 
-0.0839372 -0.0012925 -0.0560826 
-0.143291 -0.000145281 3.01708 
0.0569113 0.0921624 -0.118491 
-0.00151726 0.0932072 -3.10627 
-0.367179 0.0418661 -0.020442 
-5.74849 -0.357667 3.2561 
0.0614139 0.185402 -0.0200729 
0.0922001 -0.159667 3.10754 
0.0357019 0.0135343 2.94491 
-0.369777 -0.00420449 -0.014207 
-0.223418 0.0493223 -0.0232255 
-1.1761 5.83245 -2.64538 
-0.15562 0.0962587 0.000762852 
-0.00424526 0.286259 0.294432 
3.86417 3.25777 -3.79764 
0.935603 -0.768648 2.72569 
-0.0218808 -0.45404 2.71559 
-2.30755 -2.6091 -5.02672 
-0.000343604 -0.26369 -0.0368613 
-0.269091 0.337617 -0.0311709 
-0.0497554 0.121492 2.94141 
-0.352307 0.220739 0.0617963 
-0.192301 0.272509 0.04034 
-4.01272 -3.65048 -3.1918 
0.476588 -0.13215 0.194333 
4.23947 3.40792 -3.30696 
0.10984 0.311794 -0.153795 
-0.33105 -0.0531479 -2.83573 
-0.244939 0.673602 -2.73477 
0.443004 -0.500278 -0.616536 
0.110818 -0.187516 0.189894 
-0.168081 0.191367 -0.268145 
-4.44624 4.42415 0.427907 
-0.106989 0.0297872 -0.0168132 
0.0665497 0.0374381 -0.0248788 
-4.47738 6.9178 30.2792 
-0.0916731 -0.217788 3.10896 
2.88838 5.87989 -1.36358 
0.25077 0.141141 -0.0238611 
-0.369015 -0.112525 -0.063317 
-0.99123 -4.12861 -4.29844 
-0.238108 -0.0747989 -0.118383 
-0.0274346 0.546823 0.130963 
0.313625 0.0658313 -0.0392248 
-0.633518 -0.00255049 0.0250122 
-0.0507049 0.0132113 -3.00928 
0.152937 -0.253535 0.424081 
-0.559316 5.38837 2.89409 
-0.0100599 0.281213 0.783062 
2.88877 5.03384 1.87037 
-6.01109 1.90548 1.9576 
0.216189 -0.0257951 3.0442 
-0.307991 0.018146 -0.439296 
-0.398431 -0.0178815 -0.0606228 
-0.127976 -0.245627 -0.252598 
0.237944 -0.192297 -0.209736 
0.00540837 0.125878 -0.387297 
-0.505682 -0.068876 -0.0237645 
-0.0917311 -0.212643 -0.0864992 
3.91533 3.13938 -3.70579 
0.323314 -0.387804 3.05571 
-0.437019 -1.43651 2.14008 
0.109913 0.159991 -3.08024 
2.40649 5.06354 2.31379 
-0.116223 0.0885187 3.02386 
-2.21035 6.04996 0.217594 
-4.93436 -4.08577 0.194763 
0.232136 0.213282 0.0193726 
0.0536429 -0.662665 2.93724 
-0.299792 -0.371766 0.0442777 
0.124849 0.0850704 -0.119233 
-0.188146 0.193302 0.0482355 
-2.74694 -3.12897 -4.61637 
-0.231648 0.395881 -0.028038 
0.00611419 -0.581098 2.94055 
0.227631 0.317482 -0.07567 
-0.293208 0.0366101 -2.93175 
-0.243864 -0.214633 -0.159995 
-0.329026 0.02241 0.0420667 
0.41276 0.00388956 -0.15243 
-0.146759 0.256909 3.0386 
-0.0321979 -0.331409 2.99664 
0.313113 -0.251867 0.0452302 
0.00856779 -0.0227067 -0.102933 
-0.400255 0.0126211 -0.00645543 
-0.144815 -0.1259 3.12948 
0.00719031 -0.055654 3.11623 
0.300375 0.0721498 -0.227638 
3.17224 8.20515 -9.20422 
-0.148205 0.111383 -0.0188953 
0.191024 -0.240564 2.99517 
-0.502489 0.361179 0.0771895 
-2.23929 5.54752 0.974959 
-0.0730679 0.134622 0.00510742 
-0.361446 0.374519 -0.0648055 
4.75011 -3.65673 -1.63438 
0.095192 0.0583593 0.00214241 
-0.233135 -0.240701 3.09949 
-3.6737 -2.37518 -4.33521 
-3.8007 -3.62078 -3.319 
-0.0658832 0.10061 -0.0159716 
0.0386359 -0.0120844 -0.308143 
0.276298 -0.00757599 -0.00959177 
-0.113803 0.39118 -0.160718 
0.120257 -0.177132 3.01156 
0.306988 0.117047 -3.02121 
-0.203065 0.0297577 0.137116 
-0.17435 -0.282518 0.189695 
0.0271192 -0.482764 3.06674 
0.129818 -0.0404818 3.0941 
-5.32413 -3.81095 -1.4128 
-0.0843154 0.484079 -0.0360979 
0.482287 0.44241 -2.98595 
0.0108886 0.263828 -0.0825164 
-1.55171 -5.76848 -1.39194 
0.106019 0.179817 0.0492538 
-0.167903 -0.0544951 -0.00632641 
-0.31979 0.227959 0.0864497 
2.45375 5.15389 2.2338 
0.368365 0.00837306 -0.126159 
17.6077 5.64733 -0.440647 
-0.0365894 -0.270818 -0.0360418 
0.128142 -4.99224 -3.32034 
0.213534 -0.0704262 -3.08581 
-0.249789 0.265502 -0.185042 
0.508371 -0.12064 -0.0190545 
1.74529 -1.10775 -5.58448 
-0.200827 0.117928 -0.00901171 
-0.932903 0.0458709 -1.873 
2.91597 4.29885 3.08854 
0.103459 0.208567 0.00613048 
-0.425139 -0.134939 2.74534 
-0.0349374 -0.334131 2.97466 
-0.00078728 -0.334762 0.121777 
0.0112296 0.196981 -0.187925 
-0.0272596 0.217491 0.044259 
-0.318306 -0.401392 3.00282 
0.277194 0.87353 -0.0254052 
-0.172328 -0.0344879 0.108245 
-0.367091 -0.264331 3.00583 
58.1128 47.0147 67.4655 
-0.232858 -0.047422 -0.0677556 
-0.474969 0.234286 0.070551 
0.107942 -0.344434 0.160234 
0.409962 0.0837509 2.63639 
0.31041 0.152932 -0.00386465 
-0.388768 -0.141324 2.98154 
-0.204377 0.0382527 -0.0325933 
-0.660255 -0.293677 0.0255349 
-0.262559 0.208287 3.09688 
1.52255 0.53988 -3.32161 
0.180855 -0.0562202 -3.04772 
-0.0683125 -0.169143 2.97794 
-0.298663 -0.01309 -0.246463 
0.161309 -0.146145 3.03434 
0.0413389 0.0353561 3.04655 
-0.069815 -0.487669 -0.20525 
-1.82995 10.7964 -6.52318 
-0.470251 0.175545 -0.0493403 
-0.0376773 0.595015 -3.09388 
0.111665 0.158982 -0.573175 
-0.497221 0.112641 0.122198 
-0.45326 -0.170763 0.0583274 
-0.00891419 0.0714858 -0.0226704 
-0.146415 -0.169942 3.07951 
-0.970758 0.388117 -2.41798 
-0.0370475 0.0323989 -0.0733288 
2.43481 -4.37648 -3.11883 
-0.609065 -0.0458504 -0.197505 
-0.0554465 0.435255 2.88506 
0.100911 0.0103788 -0.0987735 
-2.42484 5.27409 -2.83036 
-0.173444 0.31774 -0.356538 
-0.13373 0.0419778 3.0953 
0.649318 0.892301 -2.35395 
-0.0200779 -0.185506 2.51836 
0.0208282 -0.0347562 0.0210461 
-0.124075 0.310139 -0.138971 
-0.283433 -0.182401 -0.0604228 
-0.328987 -0.458938 3.11299 
1.0562 -0.692251 2.94538 
-0.126315 0.230179 -0.42433 
0.192116 0.0653731 -0.0635456 
0.819349 -1.79562 -9.15098 
0.151309 -0.14349 0.000361319 
0.172298 -0.0823693 0.15052 
0.0547602 0.01142 -0.0630675 
0.239997 0.219538 -2.99681 
-0.110124 -0.0111715 -0.00071316 
2.5958 4.66437 3.16251 
0.0298743 0.0530939 -0.0664534 
-3.88605 -4.97585 -0.069163 
-5.36245 -2.55273 -0.534937 
-0.300104 -0.180101 0.0188702 
4.69751 -3.67629 0.404126 
-0.0216446 0.137743 -3.04832 
4.21764 3.77764 1.19444 
-3.28186 5.12 -2.49525 
-3.58402 -4.70388 0.638975 
0.417596 0.382907 0.0534591 
-0.0244645 0.0341928 -0.0147503 
0.0944638 0.152861 0.0243579 
7.76377 -26.7213 -83.5426 
3.38718 4.67045 1.27981 
-0.0239826 -0.043075 0.0432664 
-0.082335 0.536821 -3.07259 
-0.478584 -0.0523988 -2.98538 
0.0211532 0.194607 0.00615069 
-0.475204 -0.346271 2.89422 
-0.303942 -0.12442 2.96494 
0.230567 0.682045 -2.75536 
-1.00906 -0.779736 2.90222 
-0.223624 0.0421027 -0.0318424 
-0.150485 0.508561 0.797405 
-0.166782 -0.221029 -2.54251 
0.00456103 -0.322967 -0.0388392 
0.200405 0.856692 -2.96702 
-0.171775 0.0238162 -0.0726191 
-0.439916 -0.245215 0.0964555 
0.209638 0.243556 -3.06242 
0.286692 -0.288091 -3.07045 
-4.80339 -3.53584 0.293668 
-0.279778 -0.0295898 -0.0496617 
0.0616033 0.0276854 0.0354913 
-0.31434 0.00500169 -0.0615229 
-0.0767762 -0.103238 -0.02031 
-0.0829282 0.0370463 0.017185 
-0.617413 0.214366 0.11071 
0.567221 5.75153 -2.60116 
-0.115001 0.903535 -3.04443 
-0.091503 -0.272353 -0.128906 
-0.370587 -0.0333805 -0.0398073 
-0.0528789 -0.549504 3.06235 
-0.158047 -0.0133126 -0.300477 
-0.0788891 -0.0671276 -0.0733742 
1.98489 -5.90594 -0.481706 
0.0926257 -0.147886 3.05332 
-0.244769 -0.121964 3.03462 
-0.170885 -0.0241329 0.0450249 
0.394181 -0.365324 0.0532728 
0.262935 -0.229926 -0.0138341 
0.0316823 -0.63213 2.99385 
-0.39319 -0.0206662 0.198532 
-0.212835 0.493712 -2.91648 
0.966636 5.11685 3.05777 
-0.273584 0.0581177 0.0305341 
0.515192 -0.47955 2.96026 
-0.012909 0.0641775 -0.0889358 
-0.842167 -1.54811 3.50705 
-0.576943 0.178621 -0.0137247 
0.333001 -0.00975212 0.0945292 
-0.109113 -0.0946027 3.02818 
-1.58094 -4.24251 -4.0628 
-0.236762 0.0694248 -0.0382493 
-0.204396 0.017353 -0.157463 
-0.0105354 -0.173697 0.00919998 
-0.0988323 -0.237344 0.280118 
-0.120554 0.127094 -0.0593378 
-0.218418 -0.137202 -0.0400547 
-0.0235832 -0.0469082 0.0346452 
-3.22465 -3.21062 4.86251 
-0.360762 0.226369 0.00372337 
-0.0180337 0.0780395 0.121924 
1.03496 -5.79885 -1.36491 
0.13757 0.404315 -0.00406697 
0.280801 0.267973 -0.142803 
1.98471 5.52515 1.83066 
-0.03588 -0.267206 0.118029 
-0.179424 0.145259 -0.00505195 
-5.73581 -0.618713 2.63998 
0.0259232 0.0379218 2.98321 
0.501804 -0.404017 -0.512493 
-0.208476 0.217459 -0.00297543 
-0.257834 0.0112168 0.0459955 
-0.575315 0.192247 -0.150172 
-0.253198 -0.291434 2.76568 
-0.240843 0.0590185 -0.00940299 
-0.0724256 0.128924 3.12779 
-2.19516 6.21566 -1.29318 
-0.0684831 0.138682 3.10386 
0.309384 1.61146 2.26374 
2.20937 -5.0215 -2.71255 
-0.321776 -0.0543301 0.517106 
0.0928335 -0.111561 -3.13692 
-0.0983154 -0.00914671 3.08696 
0.0456551 0.318889 0.0894976 
0.273165 0.24283 2.96084 
-0.0887924 -0.0918219 3.09855 
-0.0438087 0.301095 0.222747 
-0.100851 0.168772 3.02472 
0.0540503 -0.424108 2.82082 
-0.222023 -0.142625 -0.10672 
0.548686 0.147984 -0.185214 
-0.0139363 0.185049 -3.14369 
-0.0373569 0.00288048 -0.202594 
-0.293576 -0.17665 -0.158228 
-6.05279 -1.456 2.16977 
-0.0603007 0.00604147 -0.117409 
0.310144 0.134705 -3.10838 
-0.0785518 0.117177 3.09851 
0.158117 -0.463291 3.08417 
-0.0811956 0.0898816 -0.00534492 
-0.05727 -0.16385 -3.05043 
2.51722 5.26825 2.18458 
-0.0876712 -0.0863388 0.211066 
-0.900358 5.79896 -2.80638 
-0.161928 -0.410995 2.98213 
0.0827291 -0.0537397 -0.0690048 
-0.0839372 -0.0012925 -0.0560826 
-0.143291 -0.000145281 3.01708 
0.0569113 0.0921624 -0.118491 
-0.00151726 0.0932072 -3.10627 
-0.367179 0.0418661 -0.020442 
-5.74849 -0.357667 3.2561 
0.0614139 0.185402 -0.0200729 
0.0922001 -0.159667 3.10754 
0.0357019 0.0135343 2.94491 
-0.369777 -0.00420449 -0.014207 
-0.223418 0.0493223 -0.0232255 
-1.1761 5.83245 -2.64538 
-0.15562 0.0962587 0.000762852 
-0.00424526 0.286259 0.294432 
3.86417 3.25777 -3.79764 
0.935603 -0.768648 2.72569 
-0.0218808 -0.45404 2.71559 
-2.30755 -2.6091 -5.02672 
-0.000343604 -0.26369 -0.0368613 
-0.269091 0.337617 -0.0311709 
-0.0497554 0.121492 2.94141 
-0.352307 0.220739 0.0617963 
-0.192301 0.272509 0.04034 
-4.01272 -3.65048 -3.1918 
0.476588 -0.13215 0.194333 
4.23947 3.40792 -3.30696 
0.10984 0.311794 -0.153795 
-0.33105 -0.0531479 -2.83573 
-0.244939 0.673602 -2.73477 
0.443004 -0.500278 -0.616536 
0.110818 -0.187516 0.189894 
-0.168081 0.191367 -0.268145 
-4.44624 4.42415 0.427907 
-0.106989 0.0297872 -0.0168132 
0.0665497 0.0374381 -0.0248788 
-4.47738 6.9178 30.2792 
-0.0916731 -0.217788 3.10896 
2.88838 5.87989 -1.36358 
0.25077 0.141141 -0.0238611 
-0.369015 -0.112525 -0.063317 
-0.99123 -4.12861 -4.29844 
-0.238108 -0.0747989 -0.118383 
-0.0274346 0.546823 0.130963 
0.313625 0.0658313 -0.0392248 
-0.633518 -0.00255049 0.0250122 
-0.0507049 0.0132113 -3.00928 
0.152937 -0.253535 0.424081 
-0.559316 5.38837 2.89409 
-0.0100599 0.281213 0.783062 
2.88877 5.03384 1.87037 
-6.01109 1.90548 1.9576 
0.216189 -0.0257951 3.0442 
-0.307991 0.018146 -0.439296 
-0.398431 -0.0178815 -0.0606228 
-0.127976 -0.245627 -0.252598 
0.237944 -0.192297 -0.209736 
0.00540837 0.125878 -0.387297 
-0.505682 -0.068876 -0.0237645 
-0.0917311 -0.212643 -0.0864992 
3.91533 3.13938 -3.70579 
0.323314 -0.387804 3.05571 
-0.437019 -1.43651 2.14008 
0.109913 0.159991 -3.08024 
2.40649 5.06354 2.31379 
-0.116223 0.0885187 3.02386 
-2.21035 6.04996 0.217594 
-4.93436 -4.08577 0.194763 
0.232136 0.213282 0.0193726 
0.0536429 -0.662665 2.93724 
-0.299792 -0.371766 0.0442777 
0.124849 0.0850704 -0.119233 
-0.188146 0.193302 0.0482355 
-2.74694 -3.12897 -4.61637 
-0.231648 0.395881 -0.028038 
0.00611419 -0.581098 2.94055 
0.227631 0.317482 -0.07567 
-0.293208 0.0366101 -2.93175 
-0.243864 -0.214633 -0.159995 
-0.329026 0.02241 0.0420667 
0.41276 0.00388956 -0.15243 
-0.146759 0.256909 3.0386 
-0.0321979 -0.331409 2.99664 
0.313113 -0.251867 0.0452302 
0.00856779 -0.0227067 -0.102933 
-0.400255 0.0126211 -0.00645543 
-0.144815 -0.1259 3.12948 
0.00719031 -0.055654 3.11623 
0.300375 0.0721498 -0.227638 
3.17224 8.20515 -9.20422 
-0.148205 0.111383 -0.0188953 
0.191024 -0.240564 2.99517 
-0.502489 0.361179 0.0771895 
-2.23929 5.54752 0.974959 
-0.0730679 0.134622 0.00510742 
-0.361446 0.374519 -0.0648055 
4.75011 -3.65673 -1.63438 
0.095192 0.0583593 0.00214241 
-0.233135 -0.240701 3.09949 
-3.6737 -2.37518 -4.33521 
-3.8007 -3.62078 -3.319 
-0.0658832 0.10061 -0.0159716 
0.0386359 -0.0120844 -0.308143 
0.276298 -0.00757599 -0.00959177 
-0.113803 0.39118 -0.160718 
0.120257 -0.177132 3.01156 
0.306988 0.117047 -3.02121 
-0.203065 0.0297577 0.137116 
-0.17435 -0.282518 0.189695 
0.0271192 -0.482764 3.06674 
0.129818 -0.0404818 3.0941 
-5.32413 -3.81095 -1.4128 
-0.0843154 0.484079 -0.0360979 
0.482287 0.44241 -2.98595 
0.0108886 0.263828 -0.0825164 
-1.55171 -5.76848 -1.39194 
0.106019 0.179817 0.0492538 
-0.167903 -0.0544951 -0.00632641 
-0.31979 0.227959 0.0864497 
2.45375 5.15389 2.2338 
0.368365 0.00837306 -0.126159 
17.6077 5.64733 -0.440647 
-0.0365894 -0.270818 -0.0360418 
0.128142 -4.99224 -3.32034 
0.213534 -0.0704262 -3.08581 
-0.249789 0.265502 -0.185042 
0.508371 -0.12064 -0.0190545 
1.74529 -1.10775 -5.58448 
-0.200827 0.117928 -0.00901171 
-0.932903 0.0458709 -1.873 
2.91597 4.29885 3.08854 
0.103459 0.208567 0.00613048 
-0.425139 -0.134939 2.74534 
-0.0349374 -0.334131 2.97466 
-0.00078728 -0.334762 0.121777 
0.0112296 0.196981 -0.187925 
-0.0272596 0.217491 0.044259 
-0.318306 -0.401392 3.00282 
0.277194 0.87353 -0.0254052 
-0.172328 -0.0344879 0.108245 
-0.367091 -0.264331 3.00583 
58.1128 47.0147 67.4655 
-0.232858 -0.047422 -0.0677556 
-0.474969 0.234286 0.070551 
0.107942 -0.344434 0.160234 
0.409962 0.0837509 2.63639 
0.31041 0.152932 -0.00386465 
-0.388768 -0.141324 2.98154 
-0.204377 0.0382527 -0.0325933 
-0.660255 -0.293677 0.0255349 
-0.262559 0.208287 3.09688 
1.52255 0.53988 -3.32161 
0.180855 -0.0562202 -3.04772 
-0.0683125 -0.169143 2.97794 
-0.298663 -0.01309 -0.246463 
0.161309 -0.146145 3.03434 
0.0413389 0.0353561 3.04655 
-0.069815 -0.487669 -0.20525 
-1.82995 10.7964 -6.52318 
-0.470251 0.175545 -0.0493403 
-0.0376773 0.595015 -3.09388 
0.111665 0.158982 -0.573175 
-0.497221 0.112641 0.122198 
-0.45326 -0.170763 0.0583274 
-0.00891419 0.0714858 -0.0226704 
-0.146415 -0.169942 3.07951 
-0.970758 0.388117 -2.41798 
-0.0370475 0.0323989 -0.0733288 
2.43481 -4.37648 -3.11883 
-0.609065 -0.0458504 -0.197505 
-0.0554465 0.435255 2.88506 
0.100911 0.0103788 -0.0987735 
-2.42484 5.27409 -2.83036 
-0.173444 0.31774 -0.356538 
-0.13373 0.0419778 3.0953 
0.649318 0.892301 -2.35395 
-0.0200779 -0.185506 2.51836 
0.0208282 -0.0347562 0.0210461 
-0.124075 0.310139 -0.138971 
-0.283433 -0.182401 -0.0604228 
-0.328987 -0.458938 3.11299 
1.0562 -0.692251 2.94538 
-0.126315 0.230179 -0.42433 
0.192116 0.0653731 -0.0635456 
0.819349 -1.79562 -9.15098 
0.151309 -0.14349 0.000361319 
0.172298 -0.0823693 0.15052 
0.0547602 0.01142 -0.0630675 
0.239997 0.219538 -2.99681 
-0.110124 -0.0111715 -0.00071316 
2.5958 4.66437 3.16251 
0.0298743 0.0530939 -0.0664534 
-3.88605 -4.97585 -0.069163 
-5.36245 -2.55273 -0.534937 
-0.300104 -0.180101 0.0188702 
4.69751 -3.67629 0.404126 
-0.0216446 0.137743 -3.04832 
4.21764 3.77764 1.19444 
-3.28186 5.12 -2.49525 
-3.58402 -4.70388 0.638975 
0.417596 0.382907 0.0534591 
-0.0244645 0.0341928 -0.0147503 
0.0944638 0.152861 0.0243579 
7.76377 -26.7213 -83.5426 
3.38718 4.67045 1.27981 
-0.0239826 -0.043075 0.0432664 
0.387862 -0.244029 2.92857 
0.111009 -0.129198 3.03246 
-0.226545 0.179835 0.110974 
0.188423 0.520984 0.11055 
0.0596302 0.0995267 -0.00885296 
-2.31482 5.17934 -3.00591 
0.00833865 -0.432314 -0.258351 
0.228504 0.528402 -3.04621 
-0.0561162 0.589104 -0.0257439 
-0.370003 -0.157724 -0.0219443 
-0.601715 0.0130955 0.0380158 
0.0579145 -0.104795 3.08714 
0.265141 0.267961 -0.13843 
0.0419816 0.0804034 -2.76792 
-0.138793 0.565479 -2.7548 
0.0660564 0.673974 -2.8987 
0.475777 0.621784 -0.191976 
2.86608 11.1043 4.46599 
-0.0501482 0.0133248 -0.1078 
-0.132461 0.206857 3.10842 
-0.564832 -0.130178 -0.00935618 
-0.191542 0.0209947 0.00656901 
-0.0347564 -0.234639 3.03509 
0.320284 -0.409291 2.98721 
0.0967598 0.228532 0.0369245 
-0.314931 0.208801 -3.02458 
-5.15633 2.76322 30.6467 
-0.0143122 -0.609137 2.98057 
-0.28523 -0.302351 -0.12902 
-0.177175 0.166433 0.189651 
-6.37483 0.433328 1.07341 
0.173583 -0.764514 2.99835 
0.0933134 0.328494 -3.10713 
-0.318854 0.100068 0.15097 
0.01988 -0.0770857 -0.025213 
-0.203843 -0.0748099 -0.102139 
-0.0979665 -0.157 3.04144 
-0.169089 -0.146239 0.0880866 
-0.134066 -0.208548 2.98842 
-0.553116 6.09138 1.30924 
0.0946714 -0.312906 -0.151636 
-4.4548 -4.60553 0.289467 
0.0833915 5.15401 3.41436 
-0.269645 0.536312 -3.0318 
-0.171207 0.306201 0.111653 
-0.391846 0.167232 -0.484468 
0.363475 0.0030556 3.01302 
0.120249 -0.62274 2.81959 
0.418959 0.692695 -2.80429 
0.0189286 0.00588185 -0.00396592 
-0.408595 -0.0767473 3.08472 
-0.0537574 -0.0797651 3.09941 
0.188613 -0.15569 0.32014 
3.39924 3.83165 -3.75106 
1.48313 0.0084976 -5.79215 
0.135518 0.531452 -0.311531 
0.08119 -0.0807358 -0.185544 
0.0670867 0.121051 0.420329 
-0.00938411 -0.238358 -0.0627331 
-0.361129 0.319848 -2.99247 
-0.234185 0.129537 0.0914479 
0.336017 -0.31131 3.13911 
-0.33822 -0.697079 2.94298 
0.223678 0.191921 -2.8645 
-0.0515839 0.214215 -0.189532 
-0.183617 0.0969005 -3.11621 
-12.1914 4.67348 0.69234 
-0.232997 -0.316049 3.02883 
-0.366838 -0.162673 3.10921 
-0.0719656 0.0808449 -0.0675078 
-0.111983 0.0319057 0.0202726 
0.24394 0.283414 0.135242 
-0.324216 0.096769 -2.79813 
-4.75508 -10.4367 -4.38285 
0.221986 -0.0903799 2.97506 
0.0542876 -0.35157 -3.05314 
2.73097 -2.17363 3.11964 
1.10072 -2.14652 3.17629 
-0.199698 -0.36989 3.01636 
-0.143476 0.0253483 0.0011718 
-0.148795 0.0414738 0.0952802 
0.213866 0.447043 0.208005 
-0.0226264 0.270103 -0.277787 
-0.0121276 -0.0412774 -3.10885 
-0.00473621 0.675812 -0.0231897 
0.0212877 0.306873 0.0482207 
-0.179217 -0.209822 -0.0506106 
-1.59529 -6.4706 1.18262 
-0.271942 -0.0202793 -0.00975827 
-0.137367 0.0842976 -0.166557 
-0.00796882 -0.134416 2.87165 
-35667.2 -6301.69 -34436 
0.353657 -0.343231 2.86428 
0.213297 -0.106342 3.09159 
-0.147164 0.299427 -0.254955 
0.0328262 -0.0724899 0.211844 
-0.0508077 -0.593565 3.00846 
-0.119373 -1.94759 -2.7068 
0.301109 0.0950276 -0.0465425 
0.13624 0.0481534 0.00830386 
0.119509 -0.0213595 0.023451 
-0.287154 0.211177 -0.0164227 
-0.346128 -0.0600913 0.21087 
-0.160844 0.420755 -0.00292871 
0.0792066 -0.285423 2.87753 
-2.98203 3.05165 -4.74316 
-0.416654 -0.11556 -0.0370457 
0.133409 0.0411684 0.413807 
0.0222937 0.100363 -0.132574 
0.0248702 0.126857 -0.0890448 
-0.343645 10.5283 6.50892 
-0.01872 0.205537 3.11532 
-0.182007 -0.349429 0.0179305 
-0.0695472 -0.00852979 0.0421936 
0.0802306 0.161657 -3.14314 
0.649634 0.515118 0.147932 
-0.364159 -0.208296 -0.064226 
-0.339457 0.418878 -3.06982 
-0.205351 -0.279035 -3.0453 
-0.0218972 0.899827 -2.58294 
0.000464001 -0.67697 3.02272 
0.428565 5.12955 -3.68791 
0.169393 0.164839 -3.14237 
-1.98929 5.77435 -1.89493 
-0.0161078 -0.509416 2.82484 
0.224764 0.0104346 0.0186475 
0.0506915 -0.0812229 0.0255492 
2.1342 5.661 -1.46494 
-0.173047 0.227155 0.0495116 
0.00295859 0.136051 -0.0308749 
-0.320684 -0.305637 3.10714 
0.030888 -0.133983 -0.011465 
0.100197 0.127257 -0.0314401 
0.210765 0.141192 0.0457043 
1.1348 5.83342 2.04945 
-1.07568 0.652288 -0.979509 
-0.0455415 -0.0898871 2.84597 
-0.593391 -0.0669637 -0.0292893 
-0.486361 -0.257905 -0.222547 
0.0330429 -0.443981 0.0245293 
0.133058 0.143885 0.0459392 
0.149894 -0.154386 -0.0647713 
-0.517366 0.121073 -2.80229 
0.109192 -0.46871 2.82111 
0.0671664 -0.0458763 0.0663314 
0.434583 -0.0884612 2.96177 
-0.271671 0.276122 0.613355 
-0.136822 0.153858 -3.09634 
-0.28167 -0.484912 2.93191 
-21.605 22.0553 -3.7731 
-0.0302229 0.0600313 3.13518 
-0.243351 -0.345167 -0.073223 
-5.26309 -3.33838 -1.14506 
-4.92523 2.1212 -3.62629 
0.0624821 -0.0738146 0.0665859 
0.136658 -0.257811 3.10665 
-0.0119788 0.205097 -0.182039 
0.0151159 5.34712 2.70204 
2.90405 2.03109 -5.70118 
0.088174 0.522385 -0.0695913 
-0.314006 -2.00536 -2.77383 
0.0294468 4.33575 4.36982 
-0.635929 -1.8462 -0.449847 
-0.0253348 -0.363992 -0.207978 
0.321726 -1.88434 2.8401 
-0.310169 -0.21964 -0.149924 
-1.05467 -0.732596 2.80431 
-0.0483993 0.0089954 -2.90864 
10.5646 3.31824 5.15724 
0.140788 0.174167 -3.10101 
0.289095 -0.0464666 -0.00675431 
-0.230732 0.0819489 0.122771 
-0.120732 -0.0218156 -3.08285 
-0.141659 -0.306206 3.03693 
-2.05194 -5.25068 0.184709 
-0.441203 0.0703722 -0.0762331 
-0.412384 -0.0381908 -0.0153884 
-0.274223 -0.119028 -2.89345 
-3.85164 -3.66785 -3.32314 
-0.336418 0.131908 0.0912322 
0.242888 0.129352 -0.0154533 
0.461353 0.14784 -3.02769 
-0.255292 0.0723131 -0.00735407 
0.187784 0.320972 -0.108834 
-3.7356 -4.20733 -2.84428 
-0.238527 -0.0212596 0.00200353 
0.0709869 0.36378 -3.03294 
0.405216 -0.518287 -0.492459 
0.138553 -0.18152 -0.175751 
-0.0951203 -0.0754358 3.10371 
-0.246615 0.0566959 -0.055413 
-0.00820847 0.066113 -0.00666597 
-0.0467161 0.0567893 -0.0436011 
0.0526331 0.337927 -3.12457 
-0.220483 0.407426 -0.215949 
-0.175921 -0.0203653 0.0173545 
-0.196019 0.383958 0.00550376 
0.315031 0.106474 -0.0793645 
-0.245701 0.0426786 0.0941967 
-0.082335 0.536821 -3.07259 
-0.478584 -0.0523988 -2.98538 
0.0211532 0.194607 0.00615069 
-0.475204 -0.346271 2.89422 
-0.303942 -0.12442 2.96494 
0.230567 0.682045 -2.75536 
-1.00906 -0.779736 2.90222 
-0.223624 0.0421027 -0.0318424 
